90.0000000000 1.32000000000 34.5105436355 0.0289766516158 -4.57739708245 -4.57352148427 56.2848059730 21.0432858898 44.7886776164 819.453381074 -0.0694077541527 247.643503568 0.122066303482 liquid
90.0000000000 1.33000000000 34.5106240295 0.0289765841135 -4.57740916342 -4.57350421375 56.2846716393 21.0433344442 44.7884822345 819.458958252 -0.0694086375439 247.646233734 0.122067125517 liquid
90.0000000000 1.34000000000 34.5107044218 0.0289765166129 -4.57742124411 -4.57348694308 56.2845373080 21.0433829989 44.7882868630 819.464535285 -0.0694095208924 247.648963871 0.122067947541 liquid
90.0000000000 1.35000000000 34.5107848125 0.0289764491139 -4.57743332452 -4.57346967226 56.2844029790 21.0434315539 44.7880915018 819.470112175 -0.0694104041983 247.651693981 0.122068769552 liquid
90.0000000000 1.36000000000 34.5108652015 0.0289763816166 -4.57744540464 -4.57345240130 56.2842686524 21.0434801091 44.7878961510 819.475688922 -0.0694112874616 247.654424064 0.122069591552 liquid
90.0000000000 1.37000000000 34.5109455890 0.0289763141210 -4.57745748449 -4.57343513020 56.2841343282 21.0435286647 44.7877008106 819.481265524 -0.0694121706822 247.657154118 0.122070413540 liquid
90.0000000000 1.38000000000 34.5110259748 0.0289762466271 -4.57746956405 -4.57341785895 56.2840000063 21.0435772205 44.7875054805 819.486841983 -0.0694130538603 247.659884145 0.122071235516 liquid
90.0000000000 1.39000000000 34.5111063589 0.0289761791349 -4.57748164334 -4.57340058756 56.2838656868 21.0436257766 44.7873101608 819.492418298 -0.0694139369957 247.662614145 0.122072057480 liquid
90.0000000000 1.40000000000 34.5111867415 0.0289761116444 -4.57749372234 -4.57338331602 56.2837313696 21.0436743330 44.7871148515 819.497994470 -0.0694148200885 247.665344117 0.122072879432 liquid
90.0000000000 1.41000000000 34.5112671224 0.0289760441555 -4.57750580106 -4.57336604434 56.2835970549 21.0437228897 44.7869195526 819.503570498 -0.0694157031386 247.668074061 0.122073701372 liquid
90.0000000000 1.42000000000 34.5113475016 0.0289759766683 -4.57751787951 -4.57334877252 56.2834627424 21.0437714467 44.7867242640 819.509146382 -0.0694165861462 247.670803977 0.122074523301 liquid
90.0000000000 1.43000000000 34.5114278793 0.0289759091828 -4.57752995767 -4.57333150055 56.2833284324 21.0438200040 44.7865289858 819.514722123 -0.0694174691112 247.673533866 0.122075345217 liquid
90.0000000000 1.44000000000 34.5115082553 0.0289758416990 -4.57754203555 -4.57331422844 56.2831941247 21.0438685615 44.7863337180 819.520297720 -0.0694183520335 247.676263728 0.122076167121 liquid
90.0000000000 1.45000000000 34.5115886297 0.0289757742169 -4.57755411315 -4.57329695618 56.2830598194 21.0439171194 44.7861384606 819.525873173 -0.0694192349133 247.678993561 0.122076989014 liquid
90.0000000000 1.46000000000 34.5116690024 0.0289757067364 -4.57756619046 -4.57327968377 56.2829255164 21.0439656775 44.7859432135 819.531448483 -0.0694201177504 247.681723367 0.122077810895 liquid
90.0000000000 1.47000000000 34.5117493736 0.0289756392577 -4.57757826750 -4.57326241123 56.2827912158 21.0440142359 44.7857479767 819.537023649 -0.0694210005450 247.684453146 0.122078632764 liquid
90.0000000000 1.48000000000 34.5118297431 0.0289755717806 -4.57759034426 -4.57324513854 56.2826569176 21.0440627946 44.7855527504 819.542598672 -0.0694218832970 247.687182897 0.122079454620 liquid
90.0000000000 1.49000000000 34.5119101109 0.0289755043052 -4.57760242073 -4.57322786570 56.2825226217 21.0441113536 44.7853575344 819.548173551 -0.0694227660064 247.689912620 0.122080276465 liquid
90.0000000000 1.50000000000 34.5119904772 0.0289754368315 -4.57761449693 -4.57321059272 56.2823883282 21.0441599129 44.7851623288 819.553748287 -0.0694236486732 247.692642315 0.122081098299 liquid
