85.0000000000 0.900000000000 35.2844436226 0.0283411015545 -4.80011107376 -4.79752657786 53.7380475577 21.7642396861 44.5696446079 854.302804112 -0.0731815498398 293.318187992 0.128703324628 liquid
85.0000000000 0.910000000000 35.2845147914 0.0283410443905 -4.80012166464 -4.79750845739 53.7379228974 21.7642894325 44.5694961928 854.307818173 -0.0731822031704 293.321065985 0.128704095572 liquid
85.0000000000 0.920000000000 35.2845859590 0.0283409872278 -4.80013225530 -4.79749033682 53.7377982391 21.7643391790 44.5693477848 854.312832124 -0.0731828564720 293.323943954 0.128704866506 liquid
85.0000000000 0.930000000000 35.2846571253 0.0283409300662 -4.80014284575 -4.79747221614 53.7376735826 21.7643889257 44.5691993840 854.317845965 -0.0731835097447 293.326821898 0.128705637431 liquid
85.0000000000 0.940000000000 35.2847282905 0.0283408729059 -4.80015343598 -4.79745409537 53.7375489279 21.7644386725 44.5690509904 854.322859697 -0.0731841629885 293.329699817 0.128706408345 liquid
85.0000000000 0.950000000000 35.2847994543 0.0283408157468 -4.80016402599 -4.79743597449 53.7374242752 21.7644884195 44.5689026040 854.327873319 -0.0731848162033 293.332577712 0.128707179250 liquid
85.0000000000 0.960000000000 35.2848706170 0.0283407585890 -4.80017461578 -4.79741785351 53.7372996243 21.7645381666 44.5687542248 854.332886832 -0.0731854693891 293.335455582 0.128707950146 liquid
85.0000000000 0.970000000000 35.2849417784 0.0283407014323 -4.80018520536 -4.79739973243 53.7371749753 21.7645879138 44.5686058527 854.337900235 -0.0731861225461 293.338333428 0.128708721031 liquid
85.0000000000 0.980000000000 35.2850129386 0.0283406442769 -4.80019579472 -4.79738161125 53.7370503282 21.7646376612 44.5684574878 854.342913528 -0.0731867756741 293.341211249 0.128709491908 liquid
85.0000000000 0.990000000000 35.2850840976 0.0283405871227 -4.80020638386 -4.79736348997 53.7369256829 21.7646874087 44.5683091301 854.347926712 -0.0731874287731 293.344089046 0.128710262774 liquid
85.0000000000 1.00000000000 35.2851552553 0.0283405299698 -4.80021697278 -4.79734536859 53.7368010395 21.7647371563 44.5681607796 854.352939786 -0.0731880818433 293.346966818 0.128711033631 liquid
85.0000000000 1.01000000000 35.2852264117 0.0283404728180 -4.80022756149 -4.79732724710 53.7366763980 21.7647869041 44.5680124363 854.357952751 -0.0731887348845 293.349844565 0.128711804478 liquid
85.0000000000 1.02000000000 35.2852975670 0.0283404156675 -4.80023814998 -4.79730912551 53.7365517584 21.7648366520 44.5678641002 854.362965606 -0.0731893878968 293.352722288 0.128712575315 liquid
85.0000000000 1.03000000000 35.2853687210 0.0283403585182 -4.80024873826 -4.79729100383 53.7364271207 21.7648864001 44.5677157712 854.367978352 -0.0731900408801 293.355599986 0.128713346143 liquid
85.0000000000 1.04000000000 35.2854398738 0.0283403013701 -4.80025932631 -4.79727288204 53.7363024848 21.7649361483 44.5675674494 854.372990988 -0.0731906938346 293.358477660 0.128714116961 liquid
85.0000000000 1.05000000000 35.2855110253 0.0283402442233 -4.80026991415 -4.79725476015 53.7361778508 21.7649858967 44.5674191348 854.378003514 -0.0731913467601 293.361355309 0.128714887770 liquid
85.0000000000 1.06000000000 35.2855821756 0.0283401870776 -4.80028050178 -4.79723663815 53.7360532186 21.7650356451 44.5672708274 854.383015931 -0.0731919996567 293.364232934 0.128715658569 liquid
85.0000000000 1.07000000000 35.2856533247 0.0283401299332 -4.80029108918 -4.79721851606 53.7359285884 21.7650853938 44.5671225272 854.388028239 -0.0731926525244 293.367110534 0.128716429358 liquid
85.0000000000 1.08000000000 35.2857244725 0.0283400727900 -4.80030167637 -4.79720039387 53.7358039600 21.7651351425 44.5669742341 854.393040437 -0.0731933053632 293.369988109 0.128717200137 liquid
85.0000000000 1.09000000000 35.2857956191 0.0283400156480 -4.80031226334 -4.79718227157 53.7356793335 21.7651848914 44.5668259482 854.398052526 -0.0731939581730 293.372865660 0.128717970907 liquid
85.0000000000 1.10000000000 35.2858667645 0.0283399585073 -4.80032285010 -4.79716414917 53.7355547088 21.7652346405 44.5666776695 854.403064505 -0.0731946109540 293.375743186 0.128718741667 liquid
