84.0000000000 0.900000000000 35.4372182765 0.0282189192221 -4.84466629365 -4.84209293986 53.2106288815 21.9247995029 44.5655933183 861.199555562 -0.0737707640811 304.121719947 0.130030194391 liquid
84.0000000000 0.910000000000 35.4372877908 0.0282188638674 -4.84467661666 -4.84207467515 53.2105059281 21.9248495504 44.5654532191 861.204469359 -0.0737713776495 304.124635477 0.130030955940 liquid
84.0000000000 0.920000000000 35.4373573040 0.0282188085139 -4.84468693947 -4.84205641036 53.2103829764 21.9248995981 44.5653131267 861.209383051 -0.0737719911910 304.127550983 0.130031717479 liquid
84.0000000000 0.930000000000 35.4374268160 0.0282187531615 -4.84469726207 -4.84203814547 53.2102600266 21.9249496459 44.5651730409 861.214296640 -0.0737726047057 304.130466465 0.130032479010 liquid
84.0000000000 0.940000000000 35.4374963268 0.0282186978103 -4.84470758446 -4.84201988048 53.2101370785 21.9249996938 44.5650329619 861.219210124 -0.0737732181935 304.133381924 0.130033240531 liquid
84.0000000000 0.950000000000 35.4375658365 0.0282186424602 -4.84471790665 -4.84200161540 53.2100141322 21.9250497419 44.5648928895 861.224123505 -0.0737738316546 304.136297357 0.130034002042 liquid
84.0000000000 0.960000000000 35.4376353449 0.0282185871113 -4.84472822863 -4.84198335023 53.2098911877 21.9250997900 44.5647528239 861.229036781 -0.0737744450888 304.139212767 0.130034763545 liquid
84.0000000000 0.970000000000 35.4377048523 0.0282185317635 -4.84473855041 -4.84196508496 53.2097682450 21.9251498383 44.5646127649 861.233949954 -0.0737750584962 304.142128153 0.130035525038 liquid
84.0000000000 0.980000000000 35.4377743584 0.0282184764169 -4.84474887197 -4.84194681959 53.2096453041 21.9251998867 44.5644727126 861.238863023 -0.0737756718768 304.145043515 0.130036286522 liquid
84.0000000000 0.990000000000 35.4378438634 0.0282184210714 -4.84475919334 -4.84192855414 53.2095223650 21.9252499352 44.5643326670 861.243775988 -0.0737762852306 304.147958852 0.130037047996 liquid
84.0000000000 1.00000000000 35.4379133672 0.0282183657271 -4.84476951449 -4.84191028858 53.2093994277 21.9252999839 44.5641926281 861.248688849 -0.0737768985576 304.150874166 0.130037809462 liquid
84.0000000000 1.01000000000 35.4379828698 0.0282183103839 -4.84477983544 -4.84189202294 53.2092764922 21.9253500326 44.5640525959 861.253601606 -0.0737775118577 304.153789455 0.130038570918 liquid
84.0000000000 1.02000000000 35.4380523713 0.0282182550419 -4.84479015618 -4.84187375719 53.2091535584 21.9254000815 44.5639125704 861.258514260 -0.0737781251311 304.156704720 0.130039332365 liquid
84.0000000000 1.03000000000 35.4381218716 0.0282181997010 -4.84480047672 -4.84185549136 53.2090306265 21.9254501305 44.5637725516 861.263426809 -0.0737787383776 304.159619961 0.130040093802 liquid
84.0000000000 1.04000000000 35.4381913707 0.0282181443613 -4.84481079705 -4.84183722543 53.2089076964 21.9255001796 44.5636325394 861.268339254 -0.0737793515974 304.162535178 0.130040855230 liquid
84.0000000000 1.05000000000 35.4382608687 0.0282180890227 -4.84482111717 -4.84181895940 53.2087847680 21.9255502289 44.5634925339 861.273251596 -0.0737799647903 304.165450371 0.130041616649 liquid
84.0000000000 1.06000000000 35.4383303654 0.0282180336852 -4.84483143708 -4.84180069329 53.2086618414 21.9256002782 44.5633525352 861.278163834 -0.0737805779565 304.168365540 0.130042378059 liquid
84.0000000000 1.07000000000 35.4383998611 0.0282179783489 -4.84484175679 -4.84178242707 53.2085389166 21.9256503277 44.5632125431 861.283075968 -0.0737811910958 304.171280684 0.130043139459 liquid
84.0000000000 1.08000000000 35.4384693555 0.0282179230138 -4.84485207630 -4.84176416076 53.2084159937 21.9257003773 44.5630725577 861.287987998 -0.0737818042084 304.174195805 0.130043900850 liquid
84.0000000000 1.09000000000 35.4385388488 0.0282178676798 -4.84486239560 -4.84174589436 53.2082930725 21.9257504270 44.5629325790 861.292899924 -0.0737824172941 304.177110901 0.130044662232 liquid
84.0000000000 1.10000000000 35.4386083409 0.0282178123469 -4.84487271469 -4.84172762787 53.2081701531 21.9258004769 44.5627926070 861.297811747 -0.0737830303531 304.180025974 0.130045423605 liquid
