86.0000000000 0.900000000000 35.1308534219 0.0284650073253 -4.75554455755 -4.75294876236 54.2594312468 21.6096233789 44.5883653221 847.368128596 -0.0725343286552 283.125264435 0.127373550874 liquid
86.0000000000 0.910000000000 35.1309263086 0.0284649482686 -4.75555542651 -4.75293079460 54.2593048005 21.6096728513 44.5882082580 847.373247205 -0.0725350237052 283.128107841 0.127374331509 liquid
86.0000000000 0.920000000000 35.1309991939 0.0284648892131 -4.75556629524 -4.75291282673 54.2591783562 21.6097223239 44.5880512016 847.378365699 -0.0725357187240 283.130951221 0.127375112133 liquid
86.0000000000 0.930000000000 35.1310720779 0.0284648301590 -4.75557716375 -4.75289485876 54.2590519139 21.6097717966 44.5878941529 847.383484077 -0.0725364137115 283.133794576 0.127375892748 liquid
86.0000000000 0.940000000000 35.1311449606 0.0284647711062 -4.75558803202 -4.75287689067 54.2589254735 21.6098212695 44.5877371119 847.388602339 -0.0725371086678 283.136637906 0.127376673352 liquid
86.0000000000 0.950000000000 35.1312178420 0.0284647120546 -4.75559890007 -4.75285892247 54.2587990351 21.6098707426 44.5875800786 847.393720486 -0.0725378035928 283.139481211 0.127377453947 liquid
86.0000000000 0.960000000000 35.1312907221 0.0284646530044 -4.75560976789 -4.75284095417 54.2586725987 21.6099202158 44.5874230531 847.398838517 -0.0725384984866 283.142324490 0.127378234531 liquid
86.0000000000 0.970000000000 35.1313636009 0.0284645939555 -4.75562063549 -4.75282298575 54.2585461642 21.6099696891 44.5872660353 847.403956433 -0.0725391933492 283.145167745 0.127379015105 liquid
86.0000000000 0.980000000000 35.1314364784 0.0284645349078 -4.75563150285 -4.75280501723 54.2584197317 21.6100191627 44.5871090252 847.409074233 -0.0725398881805 283.148010975 0.127379795670 liquid
86.0000000000 0.990000000000 35.1315093545 0.0284644758615 -4.75564236999 -4.75278704860 54.2582933011 21.6100686364 44.5869520228 847.414191917 -0.0725405829805 283.150854179 0.127380576224 liquid
86.0000000000 1.00000000000 35.1315822294 0.0284644168165 -4.75565323689 -4.75276907986 54.2581668725 21.6101181102 44.5867950281 847.419309486 -0.0725412777494 283.153697359 0.127381356768 liquid
86.0000000000 1.01000000000 35.1316551030 0.0284643577727 -4.75566410357 -4.75275111101 54.2580404459 21.6101675843 44.5866380412 847.424426939 -0.0725419724870 283.156540513 0.127382137302 liquid
86.0000000000 1.02000000000 35.1317279753 0.0284642987303 -4.75567497002 -4.75273314205 54.2579140212 21.6102170584 44.5864810619 847.429544276 -0.0725426671934 283.159383642 0.127382917826 liquid
86.0000000000 1.03000000000 35.1318008462 0.0284642396892 -4.75568583624 -4.75271517298 54.2577875985 21.6102665328 44.5863240904 847.434661498 -0.0725433618686 283.162226746 0.127383698340 liquid
86.0000000000 1.04000000000 35.1318737159 0.0284641806494 -4.75569670224 -4.75269720381 54.2576611777 21.6103160073 44.5861671266 847.439778604 -0.0725440565125 283.165069825 0.127384478844 liquid
86.0000000000 1.05000000000 35.1319465843 0.0284641216108 -4.75570756800 -4.75267923452 54.2575347589 21.6103654819 44.5860101705 847.444895595 -0.0725447511252 283.167912879 0.127385259337 liquid
86.0000000000 1.06000000000 35.1320194513 0.0284640625736 -4.75571843354 -4.75266126513 54.2574083421 21.6104149568 44.5858532222 847.450012470 -0.0725454457067 283.170755908 0.127386039821 liquid
86.0000000000 1.07000000000 35.1320923171 0.0284640035377 -4.75572929885 -4.75264329563 54.2572819272 21.6104644318 44.5856962815 847.455129230 -0.0725461402570 283.173598912 0.127386820295 liquid
86.0000000000 1.08000000000 35.1321651815 0.0284639445031 -4.75574016393 -4.75262532602 54.2571555143 21.6105139069 44.5855393486 847.460245874 -0.0725468347760 283.176441890 0.127387600759 liquid
86.0000000000 1.09000000000 35.1322380447 0.0284638854697 -4.75575102878 -4.75260735630 54.2570291033 21.6105633822 44.5853824234 847.465362402 -0.0725475292639 283.179284844 0.127388381212 liquid
86.0000000000 1.10000000000 35.1323109065 0.0284638264377 -4.75576189340 -4.75258938647 54.2569026943 21.6106128577 44.5852255058 847.470478815 -0.0725482237205 283.182127772 0.127389161656 liquid
