87.0000000000 0.968480434677 34.9769004243 0.0285902978214 -4.71102886901 -4.70822326649 54.7742060131 21.4607776551 44.6198748901 840.429841587 -0.0718346457089 273.512250239 0.126046628575 liquid
87.0000000000 0.970000000000 34.9769117697 0.0285902885476 -4.71103056426 -4.70822056061 54.7741865170 21.4607851346 44.6198496604 840.430635837 -0.0718347579566 273.512677454 0.126046748706 liquid
87.0000000000 0.980000000000 34.9769864312 0.0285902275191 -4.71104172028 -4.70820275357 54.7740582177 21.4608343560 44.6196836330 840.435862589 -0.0718354966201 273.515488867 0.126047539262 liquid
87.0000000000 0.990000000000 34.9770610912 0.0285901664920 -4.71105287605 -4.70818494641 54.7739299204 21.4608835777 44.6195176138 840.441089219 -0.0718362352499 273.518300254 0.126048329808 liquid
87.0000000000 1.00000000000 34.9771357499 0.0285901054663 -4.71106403158 -4.70816713914 54.7738016252 21.4609327995 44.6193516030 840.446315727 -0.0718369738460 273.521111616 0.126049120343 liquid
87.0000000000 1.01000000000 34.9772104072 0.0285900444420 -4.71107518687 -4.70814933176 54.7736733320 21.4609820215 44.6191856005 840.451542113 -0.0718377124083 273.523922952 0.126049910868 liquid
87.0000000000 1.02000000000 34.9772850631 0.0285899834191 -4.71108634192 -4.70813152425 54.7735450409 21.4610312437 44.6190196062 840.456768376 -0.0718384509369 273.526734262 0.126050701382 liquid
87.0000000000 1.03000000000 34.9773597177 0.0285899223976 -4.71109749674 -4.70811371663 54.7734167518 21.4610804661 44.6188536203 840.461994518 -0.0718391894318 273.529545546 0.126051491886 liquid
87.0000000000 1.04000000000 34.9774343708 0.0285898613774 -4.71110865131 -4.70809590889 54.7732884648 21.4611296887 44.6186876426 840.467220538 -0.0718399278929 273.532356805 0.126052282379 liquid
87.0000000000 1.05000000000 34.9775090226 0.0285898003587 -4.71111980564 -4.70807810104 54.7731601798 21.4611789114 44.6185216733 840.472446435 -0.0718406663203 273.535168038 0.126053072862 liquid
87.0000000000 1.06000000000 34.9775836730 0.0285897393413 -4.71113095973 -4.70806029307 54.7730318969 21.4612281344 44.6183557123 840.477672211 -0.0718414047140 273.537979246 0.126053863335 liquid
87.0000000000 1.07000000000 34.9776583221 0.0285896783253 -4.71114211358 -4.70804248498 54.7729036161 21.4612773575 44.6181897595 840.482897865 -0.0718421430739 273.540790428 0.126054653797 liquid
87.0000000000 1.08000000000 34.9777329697 0.0285896173107 -4.71115326719 -4.70802467678 54.7727753373 21.4613265809 44.6180238151 840.488123396 -0.0718428814001 273.543601584 0.126055444248 liquid
87.0000000000 1.09000000000 34.9778076160 0.0285895562975 -4.71116442056 -4.70800686845 54.7726470605 21.4613758044 44.6178578790 840.493348806 -0.0718436196926 273.546412715 0.126056234689 liquid
87.0000000000 1.10000000000 34.9778822609 0.0285894952856 -4.71117557369 -4.70798906002 54.7725187858 21.4614250281 44.6176919511 840.498574094 -0.0718443579513 273.549223820 0.126057025119 liquid
