0.88 220.791
0.8802 220.691
0.8804 220.592
0.8806 220.493
0.8808 220.394
0.881 220.296
0.8812 220.198
0.8814 220.1
0.8816 220.003
0.8818 219.906
0.882 219.81
0.8822 219.714
0.8824 219.618
0.8826 219.523
0.8828 219.428
0.883 219.333
0.8832 219.239
0.8834 219.145
0.8836 219.052
0.8838 218.959
0.884 218.866
0.8842 218.773
0.8844 218.681
0.8846 218.59
0.8848 218.499
0.885 218.408
0.8852 218.317
0.8854 218.227
0.8856 218.137
0.8858 218.048
0.886 217.959
0.8862 217.87
0.8864 217.782
0.8866 217.694
0.8868 217.606
0.887 217.519
0.8872 217.432
0.8874 217.346
0.8876 217.26
0.8878 217.174
0.888 217.089
0.8882 217.004
0.8884 216.919
0.8886 216.835
0.8888 216.751
0.889 216.668
0.8892 216.585
0.8894 216.502
0.8896 216.419
0.8898 216.337
0.89 216.256
0.8902 216.174
0.8904 216.093
0.8906 216.013
0.8908 215.932
0.891 215.853
0.8912 215.773
0.8914 215.694
0.8916 215.615
0.8918 215.537
0.892 215.459
0.8922 215.381
0.8924 215.304
0.8926 215.227
0.8928 215.15
0.893 215.074
0.8932 214.998
0.8934 214.923
0.8936 214.848
0.8938 214.773
0.894 214.698
0.8942 214.624
0.8944 214.551
0.8946 214.477
0.8948 214.404
0.895 214.332
0.8952 214.259
0.8954 214.187
0.8956 214.116
0.8958 214.045
0.896 213.974
0.8962 213.904
0.8964 213.833
0.8966 213.764
0.8968 213.694
0.897 213.625
0.8972 213.557
0.8974 213.488
0.8976 213.42
0.8978 213.353
0.898 213.286
0.8982 213.219
0.8984 213.152
0.8986 213.086
0.8988 213.02
0.899 212.955
0.8992 212.89
0.8994 212.825
0.8996 212.761
0.8998 212.697
0.9 212.633
0.9002 212.57
0.9004 212.507
0.9006 212.444
0.9008 212.382
0.901 212.32
0.9012 212.258
0.9014 212.197
0.9016 212.136
0.9018 212.076
0.902 212.016
0.9022 211.956
0.9024 211.897
0.9026 211.838
0.9028 211.779
0.903 211.721
0.9032 211.663
0.9034 211.605
0.9036 211.548
0.9038 211.491
0.904 211.434
0.9042 211.378
0.9044 211.322
0.9046 211.267
0.9048 211.211
0.905 211.157
0.9052 211.102
0.9054 211.048
0.9056 210.994
0.9058 210.941
0.906 210.888
0.9062 210.835
0.9064 210.783
0.9066 210.731
0.9068 210.679
0.907 210.628
0.9072 210.577
0.9074 210.526
0.9076 210.476
0.9078 210.426
0.908 210.376
0.9082 210.327
0.9084 210.278
0.9086 210.23
0.9088 210.181
0.909 210.134
0.9092 210.086
0.9094 210.039
0.9096 209.992
0.9098 209.946
0.91 209.9
0.9102 209.854
0.9104 209.808
0.9106 209.763
0.9108 209.719
0.911 209.674
0.9112 209.63
0.9114 209.587
0.9116 209.543
0.9118 209.5
0.912 209.458
0.9122 209.415
0.9124 209.373
0.9126 209.332
0.9128 209.291
0.913 209.25
0.9132 209.209
0.9134 209.169
0.9136 209.129
0.9138 209.089
0.914 209.05
0.9142 209.011
0.9144 208.973
0.9146 208.935
0.9148 208.897
0.915 208.859
0.9152 208.822
0.9154 208.785
0.9156 208.749
0.9158 208.713
0.916 208.677
0.9162 208.642
0.9164 208.607
0.9166 208.572
0.9168 208.537
0.917 208.503
0.9172 208.47
0.9174 208.436
0.9176 208.403
0.9178 208.37
0.918 208.338
0.9182 208.306
0.9184 208.274
0.9186 208.243
0.9188 208.212
0.919 208.181
0.9192 208.151
0.9194 208.121
0.9196 208.091
0.9198 208.062
0.92 208.033
0.9202 208.004
0.9204 207.976
0.9206 207.948
0.9208 207.92
0.921 207.893
0.9212 207.866
0.9214 207.839
0.9216 207.813
0.9218 207.787
0.922 207.762
0.9222 207.736
0.9224 207.711
0.9226 207.687
0.9228 207.662
0.923 207.638
0.9232 207.615
0.9234 207.592
0.9236 207.569
0.9238 207.546
0.924 207.524
0.9242 207.502
0.9244 207.48
0.9246 207.459
0.9248 207.438
0.925 207.417
0.9252 207.397
0.9254 207.377
0.9256 207.358
0.9258 207.338
0.926 207.319
0.9262 207.301
0.9264 207.283
0.9266 207.265
0.9268 207.247
0.927 207.23
0.9272 207.213
0.9274 207.196
0.9276 207.18
0.9278 207.164
0.928 207.148
0.9282 207.133
0.9284 207.118
0.9286 207.104
0.9288 207.089
0.929 207.075
0.9292 207.062
0.9294 207.048
0.9296 207.035
0.9298 207.023
0.93 207.01
0.9302 206.998
0.9304 206.987
0.9306 206.975
0.9308 206.964
0.931 206.954
0.9312 206.943
0.9314 206.933
0.9316 206.924
0.9318 206.914
0.932 206.905
0.9322 206.897
0.9324 206.888
0.9326 206.88
0.9328 206.872
0.933 206.865
0.9332 206.858
0.9334 206.851
0.9336 206.845
0.9338 206.839
0.934 206.833
0.9342 206.828
0.9344 206.822
0.9346 206.818
0.9348 206.813
0.935 206.809
0.9352 206.805
0.9354 206.802
0.9356 206.799
0.9358 206.796
0.936 206.793
0.9362 206.791
0.9364 206.789
0.9366 206.788
0.9368 206.786
0.937 206.785
0.9372 206.785
0.9374 206.785
0.9376 206.785
0.9378 206.785
0.938 206.786
0.9382 206.787
0.9384 206.788
0.9386 206.79
0.9388 206.792
0.939 206.794
0.9392 206.797
0.9394 206.8
0.9396 206.803
0.9398 206.807
0.94 206.811
0.9402 206.815
0.9404 206.819
0.9406 206.824
0.9408 206.83
0.941 206.835
0.9412 206.841
0.9414 206.847
0.9416 206.854
0.9418 206.86
0.942 206.868
0.9422 206.875
0.9424 206.883
0.9426 206.891
0.9428 206.899
0.943 206.908
0.9432 206.917
0.9434 206.926
0.9436 206.936
0.9438 206.946
0.944 206.956
0.9442 206.967
0.9444 206.978
0.9446 206.989
0.9448 207.001
0.945 207.013
0.9452 207.025
0.9454 207.037
0.9456 207.05
0.9458 207.063
0.946 207.077
0.9462 207.091
0.9464 207.105
0.9466 207.119
0.9468 207.134
0.947 207.149
0.9472 207.164
0.9474 207.18
0.9476 207.196
0.9478 207.212
0.948 207.229
0.9482 207.246
0.9484 207.263
0.9486 207.281
0.9488 207.299
0.949 207.317
0.9492 207.335
0.9494 207.354
0.9496 207.373
0.9498 207.393
0.95 207.413
0.9502 207.433
0.9504 207.453
0.9506 207.474
0.9508 207.495
0.951 207.516
0.9512 207.538
0.9514 207.56
0.9516 207.582
0.9518 207.605
0.952 207.627
0.9522 207.651
0.9524 207.674
0.9526 207.698
0.9528 207.722
0.953 207.747
0.9532 207.771
0.9534 207.796
0.9536 207.822
0.9538 207.847
0.954 207.873
0.9542 207.9
0.9544 207.926
0.9546 207.953
0.9548 207.98
0.955 208.008
0.9552 208.036
0.9554 208.064
0.9556 208.092
0.9558 208.121
0.956 208.15
0.9562 208.18
0.9564 208.209
0.9566 208.239
0.9568 208.27
0.957 208.3
0.9572 208.331
0.9574 208.362
0.9576 208.394
0.9578 208.426
0.958 208.458
0.9582 208.49
0.9584 208.523
0.9586 208.556
0.9588 208.589
0.959 208.623
0.9592 208.657
0.9594 208.691
0.9596 208.726
0.9598 208.761
0.96 208.796
0.9602 208.832
0.9604 208.867
0.9606 208.903
0.9608 208.94
0.961 208.977
0.9612 209.014
0.9614 209.051
0.9616 209.089
0.9618 209.126
0.962 209.165
0.9622 209.203
0.9624 209.242
0.9626 209.281
0.9628 209.321
0.963 209.36
0.9632 209.4
0.9634 209.441
0.9636 209.481
0.9638 209.522
0.964 209.564
0.9642 209.605
0.9644 209.647
0.9646 209.689
0.9648 209.732
0.965 209.774
0.9652 209.818
0.9654 209.861
0.9656 209.905
0.9658 209.949
0.966 209.993
0.9662 210.037
0.9664 210.082
0.9666 210.127
0.9668 210.173
0.967 210.219
0.9672 210.265
0.9674 210.311
0.9676 210.358
0.9678 210.405
0.968 210.452
0.9682 210.499
0.9684 210.547
0.9686 210.596
0.9688 210.644
0.969 210.693
0.9692 210.742
0.9694 210.791
0.9696 210.841
0.9698 210.891
0.97 210.941
0.9702 210.991
0.9704 211.042
0.9706 211.093
0.9708 211.145
0.971 211.197
0.9712 211.249
0.9714 211.301
0.9716 211.353
0.9718 211.406
0.972 211.46
0.9722 211.513
0.9724 211.567
0.9726 211.621
0.9728 211.675
0.973 211.73
0.9732 211.785
0.9734 211.84
0.9736 211.896
0.9738 211.952
0.974 212.008
0.9742 212.064
0.9744 212.121
0.9746 212.178
0.9748 212.235
0.975 212.293
0.9752 212.351
0.9754 212.409
0.9756 212.467
0.9758 212.526
0.976 212.585
0.9762 212.645
0.9764 212.704
0.9766 212.764
0.9768 212.825
0.977 212.885
0.9772 212.946
0.9774 213.007
0.9776 213.068
0.9778 213.13
0.978 213.192
0.9782 213.254
0.9784 213.317
0.9786 213.38
0.9788 213.443
0.979 213.507
0.9792 213.57
0.9794 213.634
0.9796 213.699
0.9798 213.763
0.98 213.828
0.9802 213.893
0.9804 213.959
0.9806 214.025
0.9808 214.091
0.981 214.157
0.9812 214.224
0.9814 214.29
0.9816 214.358
0.9818 214.425
0.982 214.493
0.9822 214.561
0.9824 214.629
0.9826 214.698
0.9828 214.767
0.983 214.836
0.9832 214.906
0.9834 214.975
0.9836 215.046
0.9838 215.116
0.984 215.187
0.9842 215.258
0.9844 215.329
0.9846 215.4
0.9848 215.472
0.985 215.544
0.9852 215.617
0.9854 215.689
0.9856 215.762
0.9858 215.835
0.986 215.909
0.9862 215.983
0.9864 216.057
0.9866 216.131
0.9868 216.206
0.987 216.281
0.9872 216.356
0.9874 216.431
0.9876 216.507
0.9878 216.583
0.988 216.66
0.9882 216.736
0.9884 216.813
0.9886 216.89
0.9888 216.968
0.989 217.046
0.9892 217.124
0.9894 217.202
0.9896 217.281
0.9898 217.36
0.99 217.439
0.9902 217.518
0.9904 217.598
0.9906 217.678
0.9908 217.758
0.991 217.839
0.9912 217.92
0.9914 218.001
0.9916 218.082
0.9918 218.164
0.992 218.246
0.9922 218.328
0.9924 218.411
0.9926 218.494
0.9928 218.577
0.993 218.66
0.9932 218.744
0.9934 218.828
0.9936 218.912
0.9938 218.997
0.994 219.082
0.9942 219.167
0.9944 219.252
0.9946 219.338
0.9948 219.424
0.995 219.51
0.9952 219.596
0.9954 219.683
0.9956 219.77
0.9958 219.857
0.996 219.945
0.9962 220.033
0.9964 220.121
0.9966 220.209
0.9968 220.298
0.997 220.387
0.9972 220.476
0.9974 220.566
0.9976 220.656
0.9978 220.746
0.998 220.836
0.9982 220.927
0.9984 221.018
0.9986 221.109
0.9988 221.2
0.999 221.292
0.9992 221.384
0.9994 221.476
0.9996 221.569
0.9998 221.662
