0 225.24
0.001 225.149
0.002 225.059
0.003 224.969
0.004 224.878
0.005 224.788
0.006 224.698
0.007 224.608
0.008 224.518
0.009 224.428
0.01 224.338
0.011 224.248
0.012 224.159
0.013 224.069
0.014 223.979
0.015 223.89
0.016 223.8
0.017 223.711
0.018 223.622
0.019 223.532
0.02 223.443
0.021 223.354
0.022 223.265
0.023 223.176
0.024 223.088
0.025 222.999
0.026 222.91
0.027 222.822
0.028 222.733
0.029 222.645
0.03 222.557
0.031 222.468
0.032 222.38
0.033 222.292
0.034 222.204
0.035 222.116
0.036 222.029
0.037 221.941
0.038 221.854
0.039 221.766
0.04 221.679
0.041 221.592
0.042 221.504
0.043 221.417
0.044 221.33
0.045 221.244
0.046 221.157
0.047 221.07
0.048 220.984
0.049 220.897
0.05 220.811
0.051 220.725
0.052 220.639
0.053 220.553
0.054 220.467
0.055 220.381
0.056 220.296
0.057 220.21
0.058 220.125
0.059 220.04
0.06 219.954
0.061 219.869
0.062 219.785
0.063 219.7
0.064 219.615
0.065 219.531
0.066 219.446
0.067 219.362
0.068 219.278
0.069 219.194
0.07 219.11
0.071 219.026
0.072 218.943
0.073 218.859
0.074 218.776
0.075 218.693
0.076 218.61
0.077 218.527
0.078 218.444
0.079 218.362
0.08 218.279
0.081 218.197
0.082 218.115
0.083 218.033
0.084 217.951
0.085 217.87
0.086 217.788
0.087 217.707
0.088 217.625
0.089 217.544
0.09 217.464
0.091 217.383
0.092 217.302
0.093 217.222
0.094 217.142
0.095 217.062
0.096 216.982
0.097 216.902
0.098 216.822
0.099 216.743
0.1 216.664
0.101 216.585
0.102 216.506
0.103 216.427
0.104 216.349
0.105 216.271
0.106 216.192
0.107 216.114
0.108 216.037
0.109 215.959
0.11 215.882
0.111 215.805
0.112 215.728
0.113 215.651
0.114 215.574
0.115 215.498
0.116 215.422
0.117 215.346
0.118 215.27
0.119 215.194
0.12 215.119
0.121 215.044
0.122 214.969
0.123 214.894
0.124 214.819
0.125 214.745
0.126 214.671
0.127 214.597
0.128 214.523
0.129 214.45
0.13 214.377
0.131 214.304
0.132 214.231
0.133 214.158
0.134 214.086
0.135 214.014
0.136 213.942
0.137 213.87
0.138 213.799
0.139 213.728
0.14 213.657
0.141 213.586
0.142 213.515
0.143 213.445
0.144 213.375
0.145 213.305
0.146 213.236
0.147 213.167
0.148 213.098
0.149 213.029
0.15 212.961
0.151 212.892
0.152 212.824
0.153 212.757
0.154 212.689
0.155 212.622
0.156 212.555
0.157 212.489
0.158 212.422
0.159 212.356
0.16 212.29
0.161 212.225
0.162 212.16
0.163 212.095
0.164 212.03
0.165 211.965
0.166 211.901
0.167 211.837
0.168 211.774
0.169 211.711
0.17 211.648
0.171 211.585
0.172 211.523
0.173 211.461
0.174 211.399
0.175 211.337
0.176 211.276
0.177 211.215
0.178 211.155
0.179 211.094
0.18 211.035
0.181 210.975
0.182 210.916
0.183 210.857
0.184 210.798
0.185 210.74
0.186 210.682
0.187 210.624
0.188 210.567
0.189 210.51
0.19 210.453
0.191 210.397
0.192 210.341
0.193 210.285
0.194 210.23
0.195 210.175
0.196 210.12
0.197 210.066
0.198 210.012
0.199 209.958
0.2 209.905
0.201 209.852
0.202 209.8
0.203 209.747
0.204 209.696
0.205 209.644
0.206 209.593
0.207 209.543
0.208 209.492
0.209 209.442
0.21 209.393
0.211 209.344
0.212 209.295
0.213 209.247
0.214 209.199
0.215 209.151
0.216 209.104
0.217 209.057
0.218 209.01
0.219 208.964
0.22 208.919
0.221 208.874
0.222 208.829
0.223 208.784
0.224 208.74
0.225 208.697
0.226 208.654
0.227 208.611
0.228 208.569
0.229 208.527
0.23 208.485
0.231 208.444
0.232 208.404
0.233 208.363
0.234 208.324
0.235 208.284
0.236 208.245
0.237 208.207
0.238 208.169
0.239 208.132
0.24 208.095
0.241 208.058
0.242 208.022
0.243 207.986
0.244 207.951
0.245 207.916
0.246 207.882
0.247 207.848
0.248 207.815
0.249 207.782
0.25 207.749
0.251 207.717
0.252 207.686
0.253 207.655
0.254 207.625
0.255 207.595
0.256 207.565
0.257 207.536
0.258 207.508
0.259 207.48
0.26 207.452
0.261 207.425
0.262 207.399
0.263 207.373
0.264 207.347
0.265 207.322
0.266 207.298
0.267 207.274
0.268 207.251
0.269 207.228
0.27 207.206
0.271 207.184
0.272 207.163
0.273 207.142
0.274 207.122
0.275 207.103
0.276 207.084
0.277 207.065
0.278 207.047
0.279 207.03
0.28 207.013
0.281 206.997
0.282 206.981
0.283 206.966
0.284 206.952
0.285 206.938
0.286 206.925
0.287 206.912
0.288 206.9
0.289 206.888
0.29 206.877
0.291 206.867
0.292 206.857
0.293 206.848
0.294 206.839
0.295 206.831
0.296 206.824
0.297 206.817
0.298 206.811
0.299 206.806
0.3 206.801
0.301 206.797
0.302 206.793
0.303 206.79
0.304 206.788
0.305 206.786
0.306 206.785
0.307 206.785
0.308 206.785
0.309 206.786
0.31 206.787
0.311 206.79
0.312 206.792
0.313 206.796
0.314 206.8
0.315 206.805
0.316 206.811
0.317 206.817
0.318 206.824
0.319 206.832
0.32 206.84
0.321 206.849
0.322 206.859
0.323 206.869
0.324 206.88
0.325 206.892
0.326 206.905
0.327 206.918
0.328 206.932
0.329 206.947
0.33 206.962
0.331 206.978
0.332 206.995
0.333 207.013
0.334 207.031
0.335 207.05
0.336 207.07
0.337 207.091
0.338 207.112
0.339 207.134
0.34 207.157
0.341 207.181
0.342 207.205
0.343 207.23
0.344 207.256
0.345 207.283
0.346 207.31
0.347 207.339
0.348 207.368
0.349 207.398
0.35 207.428
0.351 207.46
0.352 207.492
0.353 207.525
0.354 207.559
0.355 207.594
0.356 207.629
0.357 207.666
0.358 207.703
0.359 207.741
0.36 207.78
0.361 207.82
0.362 207.86
0.363 207.901
0.364 207.944
0.365 207.987
0.366 208.031
0.367 208.076
0.368 208.121
0.369 208.168
0.37 208.215
0.371 208.264
0.372 208.313
0.373 208.363
0.374 208.414
0.375 208.466
0.376 208.519
0.377 208.572
0.378 208.627
0.379 208.682
0.38 208.739
0.381 208.796
0.382 208.854
0.383 208.913
0.384 208.973
0.385 209.034
0.386 209.096
0.387 209.159
0.388 209.223
0.389 209.288
0.39 209.354
0.391 209.42
0.392 209.488
0.393 209.557
0.394 209.626
0.395 209.697
0.396 209.768
0.397 209.841
0.398 209.915
0.399 209.989
0.4 210.065
0.401 210.141
0.402 210.219
0.403 210.297
0.404 210.377
0.405 210.457
0.406 210.539
0.407 210.621
0.408 210.705
0.409 210.79
0.41 210.875
0.411 210.962
0.412 211.05
0.413 211.139
0.414 211.229
0.415 211.32
0.416 211.412
0.417 211.505
0.418 211.599
0.419 211.694
0.42 211.791
0.421 211.888
0.422 211.986
0.423 212.086
0.424 212.187
0.425 212.289
0.426 212.391
0.427 212.495
0.428 212.601
0.429 212.707
0.43 212.814
0.431 212.923
0.432 213.032
0.433 213.143
0.434 213.255
0.435 213.368
0.436 213.482
0.437 213.598
0.438 213.714
0.439 213.832
0.44 213.951
0.441 214.071
0.442 214.192
0.443 214.314
0.444 214.438
0.445 214.563
0.446 214.688
0.447 214.816
0.448 214.944
0.449 215.074
0.45 215.204
0.451 215.336
0.452 215.47
0.453 215.604
0.454 215.74
0.455 215.877
0.456 216.015
0.457 216.154
0.458 216.295
0.459 216.437
0.46 216.58
0.461 216.724
0.462 216.87
0.463 217.017
0.464 217.165
0.465 217.314
0.466 217.465
0.467 217.617
0.468 217.771
0.469 217.925
0.47 218.081
0.471 218.238
0.472 218.397
0.473 218.557
0.474 218.718
0.475 218.881
0.476 219.045
0.477 219.21
0.478 219.376
0.479 219.544
0.48 219.713
0.481 219.884
0.482 220.056
0.483 220.229
0.484 220.404
0.485 220.58
0.486 220.757
0.487 220.936
0.488 221.116
0.489 221.297
0.49 221.48
0.491 221.665
0.492 221.85
0.493 222.037
0.494 222.226
0.495 222.416
0.496 222.607
0.497 222.8
0.498 222.994
0.499 223.19
0.5 223.387
