118.044 0.076 0.127
118.209 0.093 0.108
118.414 0.098 0.088
118.619 0.106 0.099
118.825 0.130 0.079
119.030 0.133 0.048
119.235 0.139 0.065
119.440 0.156 0.085
119.646 0.170 0.082
119.851 0.167 0.079
120.015 0.176 0.074
120.220 0.177 0.074
120.425 0.186 0.074
120.630 0.191 0.079
120.835 0.187 0.071
121.039 0.185 0.088
121.230 0.176 0.074
121.448 0.166 0.059
121.639 0.156 0.048
121.858 0.150 0.025
121.980 0.150 0.025
122.226 0.147 0.034
122.431 0.159 0.054
122.637 0.168 0.051
122.842 0.178 0.051
123.047 0.188 0.040
123.212 0.202 0.042
123.417 0.221 0.042
123.623 0.240 0.042
123.829 0.257 0.040
124.034 0.271 0.040
124.239 0.284 0.048
124.445 0.301 0.048
124.636 0.308 0.042
124.855 0.309 0.045
125.018 0.297 0.054
125.236 0.268 0.045
125.425 0.223 0.048
125.614 0.174 0.048
125.831 0.133 0.042
126.035 0.105 0.037
126.198 0.089 0.034
126.444 0.088 0.028
126.608 0.093 0.031
126.814 0.112 0.031
127.020 0.140 0.031
127.226 0.178 0.040
127.433 0.239 0.048
127.641 0.315 0.051
127.809 0.398 0.051
128.018 0.497 0.048
128.226 0.592 0.045
128.434 0.669 0.042
128.642 0.724 0.045
128.848 0.757 0.057
129.054 0.786 0.059
129.232 0.809 0.062
129.425 0.833 0.054
129.630 0.846 0.054
129.835 0.852 0.048
130.027 0.866 0.059
130.245 0.865 0.057
130.450 0.861 0.048
130.655 0.863 0.048
130.860 0.864 0.045
131.065 0.869 0.051
131.256 0.872 0.051
131.434 0.871 0.048
131.639 0.869 0.048
131.843 0.870 0.054
132.007 0.871 0.051
132.253 0.873 0.042
132.431 0.877 0.037
132.663 0.873 0.048
132.827 0.874 0.040
133.032 0.866 0.040
133.236 0.861 0.048
133.441 0.858 0.051
133.605 0.859 0.048
133.851 0.861 0.045
134.056 0.869 0.042
134.220 0.872 0.051
134.425 0.873 0.054
134.630 0.867 0.048
134.834 0.864 0.042
135.039 0.862 0.040
135.244 0.857 0.045
135.407 0.849 0.048
135.612 0.842 0.051
135.817 0.838 0.048
136.035 0.832 0.048
136.225 0.818 0.054
136.430 0.805 0.045
136.634 0.797 0.062
136.838 0.766 0.068
137.000 0.729 0.059
137.217 0.684 0.065
137.419 0.621 0.057
137.608 0.564 0.054
137.810 0.493 0.048
138.012 0.431 0.054
138.215 0.370 0.048
138.418 0.319 0.048
138.580 0.278 0.042
138.784 0.255 0.042
138.988 0.240 0.042
139.192 0.226 0.042
139.397 0.217 0.042
139.602 0.215 0.042
139.806 0.216 0.048
139.970 0.219 0.045
140.175 0.218 0.040
140.380 0.224 0.040
140.586 0.230 0.045
140.791 0.234 0.045
140.996 0.244 0.042
141.187 0.252 0.045
141.406 0.266 0.048
141.585 0.285 0.045
141.818 0.314 0.042
141.997 0.357 0.042
142.204 0.405 0.042
142.398 0.466 0.042
142.565 0.536 0.045
142.800 0.619 0.048
143.022 0.693 0.048
143.188 0.757 0.045
143.395 0.810 0.048
143.602 0.857 0.048
143.808 0.890 0.048
144.014 0.907 0.042
144.220 0.931 0.045
144.425 0.946 0.042
144.589 0.947 0.045
144.808 0.956 0.045
144.999 0.954 0.048
145.204 0.958 0.045
145.423 0.961 0.042
145.655 0.969 0.042
145.819 0.970 0.048
146.024 0.966 0.045
146.229 0.971 0.042
146.421 0.976 0.042
146.598 0.979 0.040
146.830 0.975 0.040
147.008 0.980 0.040
147.213 0.979 0.040
147.418 0.975 0.042
147.622 0.974 0.042
147.827 0.978 0.040
148.032 0.980 0.037
148.196 0.983 0.037
148.401 0.977 0.037
148.606 0.981 0.040
148.811 0.981 0.037
149.016 0.977 0.037
149.221 0.978 0.040
149.426 0.985 0.037
149.589 0.983 0.031
149.794 0.981 0.034
149.999 0.975 0.034
