118.2826667 0.79911 0.165178
118.4711111 0.80134 0.149553
118.6613333 0.79911 0.133928
118.8960000 0.81250 0.109375
119.0862222 0.77232 0.093750
119.2746667 0.79688 0.091518
119.4631111 0.80134 0.087054
119.6995556 0.81027 0.080357
119.8400000 0.83482 0.078125
120.0764444 0.79464 0.069197
120.2648889 0.83482 0.071429
120.4551111 0.82813 0.060268
120.6435556 0.83036 0.058036
120.8782222 0.85714 0.053571
121.0684444 0.89063 0.042411
121.2568889 0.89286 0.026786
121.4453333 0.87277 0.017857
121.6817778 0.85268 0.020090
121.8702222 0.84375 0.024554
122.0586667 0.87277 0.035714
122.2471111 0.86384 0.031250
122.4835556 0.87500 0.035714
122.6720000 0.89509 0.029018
122.8622222 0.88839 0.026786
123.2391111 0.88393 0.024554
123.4275556 0.90848 0.024554
123.6640000 0.90848 0.022322
123.8524444 0.91518 0.020090
124.0408889 0.91964 0.020089
124.2773333 0.93080 0.015625
124.4657778 0.93527 0.015625
124.6542222 0.94643 0.015625
124.8444444 0.95089 0.015625
125.0791111 0.95313 0.017857
125.2213333 0.95313 0.013393
125.4577778 0.95759 0.015625
125.6462222 0.96652 0.015625
125.8826667 0.95982 0.011161
126.0231111 0.95089 0.013393
126.2595556 0.93527 0.013393
126.4480000 0.91741 0.013393
126.6364444 0.92188 0.013393
126.8266667 0.92634 0.015625
127.0613333 0.92634 0.017857
127.2515556 0.94420 0.017858
127.4400000 0.95759 0.020089
127.6284444 0.96875 0.020089
127.8168889 0.97321 0.024553
128.0533333 0.97098 0.024553
128.2417778 0.97545 0.024554
128.4302222 0.97545 0.024554
128.6186667 0.97545 0.026784
128.8551111 0.99107 0.026785
129.0435556 0.99330 0.029018
129.2337778 0.99330 0.026786
129.4222222 0.99107 0.024559
129.6106667 0.99330 0.024556
129.7991111 1.00223 0.022320
130.0355556 1.00446 0.024560
130.2240000 1.00223 0.022320
130.4124444 1.00446 0.020090
130.6008889 0.99107 0.022319
130.8373333 1.00446 0.022317
131.0257778 1.00670 0.022325
131.2160000 1.00670 0.022320
131.4044444 0.99554 0.024554
131.6408889 0.99777 0.024554
131.8293333 1.00000 0.022321
132.0177778 0.99330 0.024554
132.2062222 0.98884 0.037946
132.4426667 1.01339 0.035720
132.5848889 1.05580 0.040180
132.8195556 1.00670 0.042414
133.0080000 1.00893 0.040180
133.1982222 1.01116 0.042410
133.3866667 0.97545 0.037946
133.6231111 0.99554 0.046874
133.8115556 0.97545 0.046874
134.0000000 0.99107 0.040179
134.1884444 1.01563 0.042410
134.4248889 0.99330 0.042406
134.6133333 1.03125 0.040180
134.8017778 1.00446 0.042420
134.9920000 1.00446 0.040180
135.2266667 1.02679 0.035710
135.4151111 1.02455 0.033479
135.6053333 1.03348 0.042409
135.7937778 1.02232 0.033480
135.9822222 1.02232 0.033480
136.2186667 1.03125 0.033482
136.4071111 1.03348 0.035720
136.5955556 1.04018 0.031250
136.7840000 1.02902 0.029020
137.0204444 1.03125 0.031250
137.1626667 1.03125 0.029020
137.3991111 1.04018 0.029020
137.5875556 1.02232 0.024560
137.8222222 1.01339 0.024560
137.9644444 1.02455 0.026790
138.2008889 1.03125 0.024550
138.4373333 1.03571 0.022330
138.5777778 1.01563 0.020080
138.7662222 1.01116 0.022321
139.0026667 0.99330 0.020086
139.1911111 0.98661 0.017857
139.3813333 0.98884 0.017861
139.5697778 0.98884 0.015625
139.8044444 0.99554 0.015625
139.9946667 0.97991 0.015625
140.1831111 0.98661 0.013393
140.3715556 0.97321 0.011161
140.5600000 0.98661 0.013393
140.7964444 1.00223 0.015630
140.9848889 1.00446 0.013400
141.1733333 1.00670 0.013396
141.3635556 1.02232 0.011160
141.5982222 1.02902 0.013390
141.7884444 1.01786 0.013400
141.9768889 1.02232 0.008930
142.1653333 1.02679 0.008930
142.3537778 1.03348 0.008930
142.5422222 1.02902 0.020090
142.7786667 1.04241 0.011160
142.9671111 1.04688 0.008930
143.1555556 1.04688 0.011160
143.3457778 1.05580 0.011160
143.5804444 1.05804 0.011160
143.7706667 1.05804 0.013390
143.9591111 1.05580 0.006690
144.1475556 1.05134 0.008930
144.3840000 1.04464 0.006700
144.5724444 1.05134 0.008930
144.7608889 1.05580 0.006700
144.9493333 1.05580 0.006700
145.1857778 1.05580 0.008920
145.3280000 1.06027 0.008930
145.5626667 1.05580 0.006700
145.7528889 1.05580 0.006700
145.9413333 1.05134 0.006700
146.1297778 1.05134 0.008930
