118.04283024958922 0.04815864022662897
118.04805345075864 0.17563739376770537
118.04097311139566 0.0028328611898018607
118.20823161995409 0.08498583569405094
118.21264232316382 0.19263456090651565
118.20486555697823 0.0028328611898018607
118.41367753261781 0.09915014164305958
118.41715966673075 0.1841359773371105
118.41007932736777 0.011331444759206999
118.61889130300733 0.10764872521246449
118.62272165053157 0.2011331444759208
118.6148288132089 0.008498583569405138
118.82468542908235 0.13031161473087827
118.82793542092111 0.2096317280453257
118.82143543724361 0.05099150141643061
119.02966705719768 0.1331444759206799
119.03164026652836 0.18130311614730887
119.02769384786701 0.08498583569405094
119.23476475645012 0.1388101983002834
119.23743439260338 0.20396600566572243
119.23209512029686 0.07365439093484438
119.44032674025094 0.15580736543909346
119.44380887436388 0.24079320113314462
119.436844606138 0.07082152974504252
119.64577265291466 0.1699716713881021
119.6491387158905 0.2521246458923514
119.64240658993882 0.0878186968838528
119.85052213875579 0.16713881019830024
119.85377213059454 0.2464589235127479
119.84727214691705 0.0878186968838528
120.01487886888677 0.178470254957507
120.01754850504003 0.24362606232294626
120.01186101932223 0.10481586402266307
120.219744425865 0.178470254957507
120.22253013315536 0.2464589235127479
120.21672657630046 0.10481586402266307
120.42495819625454 0.18696883852691215
120.427859974682 0.2577903682719547
120.42194034668998 0.11331444759206821
120.62993982436987 0.189801699716714
120.63318981620861 0.26912181303116145
120.62680590366821 0.11331444759206821
120.834689310211 0.18696883852691215
120.83759108863845 0.2577903682719547
120.83178753178355 0.11614730878186963
121.03943879605214 0.1841359773371105
121.04303700130218 0.2719546742209633
121.0359566619392 0.09915014164305958
121.20298302822343 0.17563739376770537
121.24697398918363 0.24929178470254953
121.24093829005452 0.10198300283286121
121.44835741204892 0.16430594900849882
121.45079490592798 0.22379603399433434
121.44615206044405 0.11048158640226635
121.65287475561585 0.15580736543909346
121.65484796494653 0.20396600566572243
121.60992843488954 0.10764872521246449
121.85750817031989 0.15014164305949018
121.85855281055377 0.17563739376770537
121.856463530086 0.12464589235127499
121.98042750450684 0.15014164305949018
121.9814721447407 0.17563739376770537
121.97938286427295 0.12464589235127499
122.22615010174361 0.14730878186968832
122.22754295538878 0.18130311614730887
122.22475724809843 0.11331444759206821
122.43147994327023 0.1586402266288951
122.4336852948751 0.21246458923512757
122.42927459166538 0.10481586402266307
122.63669371365977 0.16713881019830024
122.63878299412752 0.21813031161473084
122.6347205043291 0.11898016997167149
122.84202355518639 0.178470254957507
122.84399676451706 0.22662889518413598
122.83993427471863 0.1274787535410764
123.04723732557592 0.18696883852691215
123.04886232149529 0.22662889518413598
123.04572840079365 0.15014164305949018
123.2118261979811 0.20396600566572243
123.21333512276337 0.24079320113314462
123.21008513092463 0.16147308781869696
123.41738818178192 0.2209631728045327
123.41912924883839 0.2634560906515582
123.41564711472545 0.178470254957507
123.62306623671984 0.24079320113314462
123.62469123263921 0.2804532577903682
123.62132516966336 0.19830028328611893
123.82862822052066 0.2577903682719547
123.83013714530293 0.29461756373937686
123.82700322460128 0.21813031161473084
124.03407413318438 0.2719546742209633
124.03558305796666 0.3087818696883853
124.032449137265 0.23229461756373948
124.23952004584811 0.2861189801699717
124.24126111290458 0.3286118980169972
124.23754683651744 0.23796033994334276
124.44508202964893 0.303116147308782
124.4468230967054 0.34560906515580747
124.44310882031826 0.25495750708215303
124.6092066175057 0.3087818696883853
124.65180472482074 0.3484419263456091
124.64843866184488 0.26628895184136003
124.85504528587958 0.3087818696883853
124.85690242407316 0.3541076487252126
124.85318814768601 0.2634560906515582
125.01835737577669 0.29461756373937686
125.02056272738155 0.3484419263456091
125.01650023758312 0.24929178470254953
125.22217829252104 0.26912181303116145
125.26489247097315 0.3116147308781869
125.22032115432746 0.22379603399433434
125.4251867113057 0.22379603399433434
125.42704384949927 0.26912181303116145
125.42321350197503 0.17563739376770537
125.58710594755762 0.17563739376770537
125.62982012600973 0.21813031161473084
125.62610584962259 0.1274787535410764
125.83120354887502 0.1331444759206799
125.8329446159315 0.17563739376770537
125.82946248181855 0.09065155807365444
126.03490839448227 0.10481586402266307
126.03641731926456 0.14164305949008504
126.0333994697 0.06798866855524088
126.19810441324228 0.0878186968838528
126.19949726688745 0.12181303116147313
126.19682763073419 0.056657223796033884
126.44394308161615 0.0878186968838528
126.44510379298714 0.11614730878186963
126.44278237024517 0.059490084985835745
126.60806766947293 0.0934844192634563
126.60922838084392 0.12181303116147313
126.60679088696486 0.062322946175637606
126.81374572441086 0.11331444759206821
126.81490643578184 0.14164305949008504
126.81246894190278 0.0821529745042493
127.01965592162297 0.1388101983002834
127.02093270413106 0.1699716713881021
127.01849521025198 0.11048158640226635
127.22614647452058 0.178470254957507
127.22777147043995 0.21813031161473084
127.2245214786012 0.1388101983002834
127.43356559651497 0.24079320113314462
127.43530666357144 0.2832861189801701
127.4315923871843 0.19263456090651565
127.64144900305776 0.3144475920679888
127.64353828352552 0.3654390934844194
127.63947579372709 0.26628895184136003
127.80882358275329 0.3994334277620397
127.81079679208395 0.4475920679886687
127.80673430228552 0.3484419263456091
128.01763555839284 0.49575070821529765
128.01960876772353 0.5439093484419264
128.0157784201993 0.4504249291784703
128.22644753403242 0.5920679886685551
128.228304672226 0.6373937677053826
128.22459039583885 0.5467422096317283
128.4344470117123 0.6685552407932013
128.4361880787688 0.7110481586402266
128.43270594465585 0.6260623229461757
128.6416339914325 0.7252124645892352
128.64337505848897 0.7677053824362607
128.63977685323894 0.6798866855524079
128.8477763309188 0.7563739376770539
128.85009775366078 0.8130311614730878
128.84557097931395 0.7025495750708216
129.05380259926804 0.7847025495750708
129.0562400931471 0.8441926345609067
129.05148117652607 0.7280453257790369
129.25971279648016 0.8101983002832861
129.22117717896356 0.869688385269122
129.21618612006833 0.7478753541076488
129.4245338111595 0.8328611898016998
129.4267391627644 0.886685552407932
129.42232845955465 0.7790368271954675
129.62997972382325 0.8470254957507083
129.632069004291 0.8980169971671389
129.62777437221837 0.793201133144476
129.8350774230757 0.8526912181303117
129.83693456126923 0.8980169971671389
129.833104213745 0.8045325779036827
129.99943415320666 0.8640226628895185
130.04284475848135 0.9235127478753542
130.03820191299744 0.8101983002832861
130.24538889271764 0.8668555240793202
130.24747817318539 0.9178470254957508
130.24306746997567 0.8101983002832861
130.45002230742168 0.8611898016997167
130.45199551675233 0.9093484419263457
130.448049098091 0.8130311614730878
130.655003935537 0.8640226628895185
130.65686107373057 0.9093484419263457
130.65303072620634 0.8158640226628896
130.85986949251523 0.8640226628895185
130.8617266307088 0.9093484419263457
130.85801235432166 0.8186968838526913
131.06485112063058 0.8668555240793202
131.06694040109832 0.9178470254957508
131.06299398243698 0.821529745042493
131.22885963735024 0.869688385269122
131.27192202921367 0.9206798866855525
131.26797561055233 0.8243626062322947
131.43372519432847 0.869688385269122
131.43569840365916 0.9178470254957508
131.4318680561349 0.8243626062322947
131.6385907513067 0.869688385269122
131.64044788950028 0.9150141643059491
131.63661754197605 0.821529745042493
131.84345630828494 0.869688385269122
131.8456616598898 0.9235127478753542
131.84125095668008 0.8158640226628896
132.00734875386752 0.869688385269122
132.0094380343353 0.9206798866855525
132.00537554453686 0.821529745042493
132.2534195645156 0.8753541076487252
132.2549284892979 0.9121813031161473
132.25167849745912 0.8328611898016998
132.4174280812353 0.878186968838527
132.41882093488047 0.9121813031161473
132.45689226784867 0.8413597733711049
132.66315067847208 0.8753541076487252
132.66489174552854 0.9178470254957508
132.66117746914142 0.8271954674220964
132.82704312405465 0.8753541076487252
132.82855204883694 0.9121813031161473
132.82541812813528 0.8356940509915014
133.0315604676216 0.8668555240793202
133.0330693924039 0.9036827195467423
133.02993547170223 0.8271954674220964
133.23619388232564 0.8611898016997167
133.2381670916563 0.9093484419263457
133.23422067299498 0.8130311614730878
133.44094336816676 0.8583569405099151
133.44303264863453 0.9093484419263457
133.438854087699 0.8073654390934845
133.60495188488645 0.8611898016997167
133.60669295194293 0.9036827195467423
133.6029786755558 0.8130311614730878
133.85090662439742 0.8640226628895185
133.8524155491797 0.9008498583569405
133.84904948620385 0.8186968838526913
134.05600432364986 0.869688385269122
134.05762931956923 0.9093484419263457
134.0542632565934 0.8271954674220964
134.22001284036955 0.8725212464589236
134.2219860497002 0.9206798866855525
134.21792355990178 0.821529745042493
134.42487839734778 0.8725212464589236
134.42708374895264 0.9263456090651558
134.42278911688 0.821529745042493
134.62951181205182 0.8668555240793202
134.6314850213825 0.9150141643059491
134.62753860272116 0.8186968838526913
134.83426129789297 0.8640226628895185
134.83600236494942 0.9065155807365439
134.83252023083648 0.821529745042493
135.03901078373408 0.8611898016997167
135.04063577965346 0.9008498583569405
135.0375018589518 0.8243626062322947
135.24364419843812 0.8555240793201133
135.2455013366317 0.9008498583569405
135.24201920251875 0.8158640226628896
135.40730450174652 0.84985835694051
135.4091616399401 0.8951841359773373
135.40533129241584 0.8016997167138811
135.61182184531344 0.8413597733711049
135.61391112578121 0.8923512747875355
135.6098486359828 0.793201133144476
135.8165713311546 0.8385269121813032
135.81842846934816 0.8838526912181304
135.8145981218239 0.7903682719546743
136.06217785725428 0.8328611898016998
136.0230618840522 0.878186968838527
136.01923153652797 0.7847025495750708
136.22548994715137 0.8186968838526913
136.22757922761915 0.869688385269122
136.2232845955465 0.764872521246459
136.42977514844412 0.8045325779036827
136.4316322866377 0.84985835694051
136.42791801025055 0.7592067988668555
136.63429249201104 0.7960339943342777
136.6368460570272 0.8583569405099151
136.63185499813198 0.7365439093484419
136.8379973376183 0.7677053824362607
136.84055090263445 0.830028328611898
136.83521163032793 0.6997167138810199
137.0002647872815 0.7280453257790369
137.00270228116057 0.7875354107648725
136.99794336453954 0.6713881019830029
137.20338927720329 0.6855524079320113
137.20582677108234 0.7450424929178471
137.24169275244566 0.6203966005665722
137.4465583094239 0.6203966005665722
137.4079066207702 0.6770538243626063
137.40337984642338 0.56657223796034
137.60812933226453 0.5637393767705383
137.61033468386938 0.6175637393767707
137.60592398065967 0.5099150141643058
137.8100931108153 0.4929178470254958
137.81206632014596 0.5410764872521245
137.80811990148464 0.44475920679886705
138.01240510277736 0.4305949008498584
138.01461045438225 0.48441926345609065
138.0101997511725 0.37677053824362616
138.21483316587654 0.37110481586402266
138.2166903040701 0.41643059490085
138.21285995654588 0.3229461756373939
138.417609442387 0.32011331444759206
138.41946658058058 0.3654390934844194
138.41563623305635 0.2719546742209633
138.57976082091312 0.2776203966005666
138.5815018879696 0.32011331444759206
138.57801975385667 0.23512747875354112
138.78369780879459 0.25495750708215303
138.78543887585104 0.2974504249291785
138.7819567417381 0.21246458923512757
138.98786693895022 0.23796033994334276
138.98960800600668 0.2804532577903682
138.98635801416793 0.2011331444759208
139.19226821138005 0.22662889518413598
139.19389320729942 0.26628895184136003
139.1905271443236 0.1841359773371105
139.396785554947 0.21813031161473084
139.39841055086637 0.2577903682719547
139.39504448789052 0.17563739376770537
139.60153504078812 0.21529745042492943
139.6032761078446 0.2577903682719547
139.59979397373166 0.17280453257790374
139.80651666890347 0.21813031161473084
139.80825773595993 0.2606232294617563
139.80454345957278 0.1699716713881021
139.97040911448605 0.21813031161473084
139.97226625267962 0.2634560906515582
139.9686680474296 0.17563739376770537
140.17527467146428 0.21813031161473084
140.17689966738365 0.2577903682719547
140.1736496755449 0.178470254957507
140.3803723707167 0.22379603399433434
140.38199736663609 0.2634560906515582
140.37874737479734 0.1841359773371105
140.58547006996915 0.22946175637393762
140.58732720816272 0.27478753541076495
140.58372900291266 0.18696883852691215
140.79056776922158 0.23512747875354112
140.79230883627804 0.2776203966005666
140.788710631028 0.189801699716714
140.9957815396111 0.24362606232294626
140.99752260666756 0.2861189801699717
140.99404047255462 0.2011331444759208
141.20099531000062 0.2521246458923514
141.2028524481942 0.2974504249291785
141.15816506041142 0.20679886685552407
141.40644122266434 0.26628895184136003
141.40841443199503 0.3144475920679888
141.40446801333368 0.21813031161473084
141.61211927760226 0.2861189801699717
141.5728872332631 0.3286118980169972
141.56928902801306 0.24079320113314462
141.8181455459515 0.3144475920679888
141.81988661300795 0.35694050991501425
141.816404478895 0.2719546742209633
142.0247521699862 0.35694050991501425
141.985520125647 0.3994334277620397
141.98203799153407 0.3144475920679888
142.23159093629508 0.4050991501416432
142.1923588919559 0.4475920679886687
142.18887675784296 0.3626062322946175
142.39792087575674 0.46458923512747874
142.39966194281322 0.5070821529745044
142.39629587983737 0.42492917847025513
142.56471509976677 0.5354107648725213
142.56657223796034 0.5807365439093484
142.56297403271031 0.4929178470254958
142.77294671972086 0.6175637393767707
142.81589304044718 0.6657223796033995
142.81217876406004 0.5750708215297451
143.02191930879638 0.6940509915014165
143.02377644698996 0.7393767705382437
143.01994609946573 0.6458923512747876
143.18836531939513 0.7563739376770539
143.1902224575887 0.8016997167138811
143.18662425233867 0.7138810198300284
143.39543622797822 0.8101983002832861
143.3974094373089 0.8583569405099151
143.39346301864757 0.7620396600566572
143.60227499428714 0.8583569405099151
143.6041321324807 0.9036827195467423
143.60030178495646 0.8101983002832861
143.80853340491055 0.8923512747875355
143.810274471967 0.934844192634561
143.8065601955799 0.8441926345609067
144.01397931757427 0.9065155807365439
144.01572038463073 0.9490084985835695
144.01223825051778 0.8640226628895185
144.2198895147864 0.9320113314447592
144.22163058184285 0.9745042492917848
144.21803237659282 0.886685552407932
144.4253354274501 0.9461756373937678
144.42359436039365 0.9036827195467423
144.4270764945066 0.9886685552407932
144.5893439441698 0.9490084985835695
144.58748680597623 0.9036827195467423
144.59096894008917 0.9886685552407932
144.83541475481786 0.9546742209631729
144.79270057636575 0.9121813031161473
144.7962987816158 1
144.99930720040047 0.9546742209631729
145.00116433859404 1
144.99733399106978 0.9065155807365439
145.20428882851579 0.9575070821529745
145.20614596670936 1.0028328611898019
145.20243169032221 0.9121813031161473
145.4092704566311 0.9603399433427763
145.45198463508325 1.0028328611898019
145.40764546071173 0.9206798866855525
145.65545733841628 0.9688385269121814
145.65719840547277 1.011331444759207
145.65371627135983 0.9263456090651558
145.81923371286177 0.9660056657223797
145.82120692219246 1.0141643059490084
145.8177247880795 0.9291784702549576
146.02409926984 0.9660056657223797
146.02595640803358 1.011331444759207
146.02224213164644 0.9206798866855525
146.22919696909244 0.9716713881019831
146.2308219650118 1.011331444759207
146.22745590203596 0.9291784702549576
146.43429466834488 0.9773371104815864
146.3949465528686 1.0169971671388103
146.43255360128842 0.934844192634561
146.59830318506454 0.9801699716713882
146.59981210984682 1.0169971671388103
146.59667818914517 0.9405099150141644
146.84390971116423 0.9745042492917848
146.80456159568797 1.0141643059490084
146.84228471524486 0.934844192634561
147.008034299021 0.9801699716713882
147.0096592949404 1.0198300283286121
147.00640930310163 0.9405099150141644
147.21289985599924 0.9801699716713882
147.21440878078153 1.0169971671388103
147.21127486007987 0.9405099150141644
147.4175332707033 0.9745042492917848
147.41927433775976 1.0169971671388103
147.41579220364682 0.9320113314447592
147.62239882768154 0.9745042492917848
147.6240238236009 1.0141643059490084
147.62065776062505 0.9320113314447592
147.82749652693394 0.9801699716713882
147.82888938057914 1.0141643059490084
147.82587153101457 0.9405099150141644
148.03236208391218 0.9801699716713882
148.03387100869446 1.0169971671388103
148.03085315912992 0.9433427762039661
148.19637060063187 0.9830028328611898
148.19787952541415 1.0198300283286121
148.1948616758496 0.9461756373937678
148.4010040153359 0.9773371104815864
148.40251294011819 1.0141643059490084
148.39949509055364 0.9405099150141644
148.60598564345122 0.9801699716713882
148.60761063937062 1.0198300283286121
148.60447671866896 0.9433427762039661
148.81085120042948 0.9801699716713882
148.81236012521174 1.0169971671388103
148.8094583467843 0.9461756373937678
149.0156006862706 0.9773371104815864
149.0171096110529 1.0141643059490084
149.01409176148832 0.9405099150141644
149.22046624324884 0.9773371104815864
149.2220912391682 1.0169971671388103
149.21895731846655 0.9405099150141644
149.42568001363838 0.9858356940509916
149.42707286728356 1.0198300283286121
149.4241710888561 0.9490084985835695
149.58945638808385 0.9830028328611898
149.59073317059193 1.0141643059490084
149.58817960557576 0.9518413597733711
149.79432194506208 0.9830028328611898
149.79548265643308 1.011331444759207
149.7929290914169 0.9490084985835695
149.99883928862903 0.9745042492917848
150.0002321422742 1.0084985835694051
149.99744643498386 0.9405099150141644
