6.72434e-05 -5.92233e-05 8.8423e-06 0.000268404 1.10144e-05 -8.52951e-06 1.40636e-05 -3.72344e-07 9.08926e-07 -3.42807e-06 1.14687e-05
-5.92233e-05 5.39302e-05 -4.6563e-06 -0.00024878 -1.00019e-05 7.74819e-06 -1.27699e-05 3.38555e-07 -8.27247e-07 3.11559e-06 -1.05469e-05
8.8423e-06 -4.6563e-06 8.74534e-06 1.34694e-05 9.14204e-07 -7.03341e-07 1.16915e-06 -3.01162e-08 7.21234e-08 -2.79704e-07 7.19691e-07
0.000268404 -0.00024878 1.34694e-05 0.00305608 -0.000194056 4.21812e-05 -0.000301992 -1.31928e-05 7.09488e-05 -5.42133e-05 0.000193683
1.10144e-05 -1.00019e-05 9.14204e-07 -0.000194056 0.000249753 -2.90979e-06 1.09028e-05 -7.30971e-05 -3.8001e-06 0.000169446 -1.4991e-05
-8.52951e-06 7.74819e-06 -7.03341e-07 4.21812e-05 -2.90979e-06 8.86907e-05 -1.27138e-05 -4.02763e-07 2.54019e-06 -5.07446e-07 4.64453e-06
1.40636e-05 -1.27699e-05 1.16915e-06 -0.000301992 1.09028e-05 -1.27138e-05 0.000174542 2.46005e-06 -1.37919e-05 1.55777e-05 -2.22271e-05
-3.72344e-07 3.38555e-07 -3.01162e-08 -1.31928e-05 -7.30971e-05 -4.02763e-07 2.46005e-06 3.28557e-05 -2.78459e-06 -6.94183e-05 -6.94705e-07
9.08926e-07 -8.27247e-07 7.21234e-08 7.09488e-05 -3.8001e-06 2.54019e-06 -1.37919e-05 -2.78459e-06 0.00045377 -0.000195056 4.32056e-06
-3.42807e-06 3.11559e-06 -2.79704e-07 -5.42133e-05 0.000169446 -5.07446e-07 1.55777e-05 -6.94183e-05 -0.000195056 0.000437134 3.20853e-06
1.14687e-05 -1.05469e-05 7.19691e-07 0.000193683 -1.4991e-05 4.64453e-06 -2.22271e-05 -6.94705e-07 4.32056e-06 3.20853e-06 1.53107e-05
