0.125018 1.10686
0.125236 1.10642
0.125425 1.10604
0.125614 1.10566
0.125831 1.10525
0.126035 1.10486
0.126198 1.10456
0.126444 1.10411
0.126608 1.10382
0.126814 1.10346
0.12702 1.10311
0.127226 1.10276
0.127433 1.10242
0.127641 1.10209
0.127809 1.10182
0.128018 1.10149
0.128226 1.10117
0.128434 1.10086
0.128642 1.10055
0.128848 1.10026
0.129054 1.09996
0.129232 1.09971
0.129425 1.09945
0.12963 1.09917
0.129835 1.0989
0.130027 1.09865
0.130245 1.09837
0.13045 1.09811
0.130655 1.09785
0.13086 1.0976
0.131065 1.09735
0.131256 1.09713
0.131434 1.09692
0.131639 1.09668
0.131843 1.09645
0.132007 1.09627
0.132253 1.096
0.132431 1.09581
0.132663 1.09556
0.132827 1.09539
0.133032 1.09518
0.133236 1.09497
0.133441 1.09476
0.133605 1.0946
0.133851 1.09436
0.134056 1.09416
0.13422 1.09401
0.134425 1.09382
0.13463 1.09363
0.134834 1.09344
0.135039 1.09326
0.135244 1.09308
0.135407 1.09294
0.135612 1.09276
0.135817 1.09259
0.136035 1.0924
0.136225 1.09225
0.13643 1.09208
0.136634 1.09192
0.136838 1.09175
0.137 1.09163
0.137217 1.09146
0.137419 1.09131
0.137608 1.09116
0.13781 1.09101
0.138012 1.09086
0.138215 1.09072
0.138418 1.09057
0.13858 1.09046
0.138784 1.09031
0.138988 1.09017
0.139192 1.09003
0.139397 1.08989
0.139602 1.08976
0.139806 1.08962
0.13997 1.08952
0.140175 1.08938
0.14038 1.08925
0.140586 1.08912
0.140791 1.089
0.140996 1.08887
0.141187 1.08875
0.141406 1.08862
0.141585 1.08852
0.141818 1.08838
0.141997 1.08828
0.142204 1.08816
0.142398 1.08805
0.142565 1.08795
0.1428 1.08782
0.143022 1.0877
0.143188 1.08761
0.143395 1.0875
0.143602 1.08739
0.143808 1.08728
0.144014 1.08717
0.14422 1.08707
0.144425 1.08696
0.144589 1.08688
0.144808 1.08677
0.144999 1.08668
0.145204 1.08658
0.145423 1.08647
0.145655 1.08636
0.145819 1.08628
0.146024 1.08619
0.146229 1.08609
0.146421 1.08601
0.146598 1.08593
0.14683 1.08582
0.147008 1.08574
0.147213 1.08565
0.147418 1.08556
0.147622 1.08547
0.147827 1.08539
0.148032 1.0853
0.148196 1.08523
0.148401 1.08514
0.148606 1.08506
0.148811 1.08498
0.149016 1.08489
0.149221 1.08481
0.149426 1.08473
0.149589 1.08467
0.149794 1.08459
0.149999 1.08451
