1.36633 212.297
1.36619 212.154
1.36604 212.007
1.36589 211.865
1.36574 211.727
1.36559 211.59
1.36544 211.457
1.36529 211.325
1.36514 211.196
1.36498 211.068
1.36437 210.587
1.36421 210.476
1.3639 210.256
1.36374 210.151
1.36358 210.048
1.36342 209.946
1.36326 209.85
1.3631 209.755
1.36294 209.663
1.36278 209.575
1.36262 209.488
1.36246 209.406
1.36229 209.324
1.36213 209.248
1.36196 209.173
1.3618 209.102
1.36163 209.033
1.36146 208.967
1.3613 208.907
1.36112 208.846
1.36095 208.791
1.36061 208.688
1.36044 208.64
1.36027 208.598
1.36009 208.558
1.35992 208.521
1.35974 208.488
1.35956 208.457
1.35939 208.431
1.35921 208.408
1.35903 208.388
1.35885 208.372
1.35867 208.359
1.3583 208.344
1.35812 208.343
1.35793 208.344
1.35775 208.35
1.35756 208.359
1.35737 208.372
1.35718 208.389
1.35699 208.41
1.3568 208.435
1.35661 208.464
1.35642 208.497
1.35623 208.533
1.35603 208.575
1.35583 208.62
1.35564 208.669
1.35544 208.722
1.35524 208.78
1.35504 208.842
1.35484 208.909
1.35464 208.979
1.35443 209.055
1.3536 209.404
1.3534 209.501
1.3538 209.319
1.35297 209.712
1.35276 209.826
1.35253 209.949
1.35233 210.067
1.35211 210.195
1.35189 210.328
1.35167 210.467
1.35146 210.608
1.35123 210.759
1.35101 210.915
1.35078 211.075
1.35055 211.24
1.35033 211.409
1.34986 211.773
1.34963 211.962
1.3494 212.154
1.34938 212.166
1.34868 212.778
1.34844 212.997
1.3482 213.223
1.34795 213.456