0.33456
0.334563
0.334614
0.334768
0.334619
0.334086
0.334867
0.334683
0.334917
0.335054
0.33487
0.33482
0.335054
0.334737
0.334942
0.334544
0.334364
0.334278
0.334865
0.334465
0.334931
0.33457
0.334766
0.335159
0.334661
0.334723
0.334353
0.334526
0.334688
0.334607
0.334375
0.334524
0.334843
0.334553
0.334583
0.334616
0.335048
0.334699
0.335017
0.334667
0.334367
0.334832
0.334515
0.334679
0.334202
0.334703
0.334579
0.334939
0.334613
0.334821
0.334778
0.334466
0.334342
0.334788
0.334791
0.334716
0.335083
0.334929
0.334793
0.334855
0.334455
0.334689
0.334345
0.334275
0.334917
0.334879
0.334689
0.334692
0.334807
0.334866
0.334989
0.334474
0.334893
0.334739
0.334403
0.334304
0.334702
0.334422
0.334541
0.334638
0.334874
0.334688
0.334461
0.334664
0.334709
0.334503
0.334611
0.334602
0.334689
0.334999
0.334503
0.334578
0.33492
0.334688
0.334456
0.334849
0.334715
0.334567
0.334521
0.334765
0.33464
0.334638
0.334676
0.334704
0.334978
0.334764
0.334646
0.334712
0.334759
0.334599
0.334658
0.334783
0.334822
0.334845
0.334769
0.334804
0.334576
0.334663
0.334994
0.334553
0.334686
0.335071
0.334775
0.335326
0.33446
0.334628
0.335181
0.334661
0.334676
0.334678
0.335014
0.334728
0.334911
0.335065
0.334501
0.334618
0.335112
0.334966
0.33494
0.334806
0.33473
0.334509
0.334347
0.334673
0.334625
0.334621
0.33447
0.334703
0.334816
0.33449
0.334498
0.33454
0.334573
0.334889
0.334435
0.33432
0.334373
0.335038
0.334505
0.334692
0.334534
0.334347
0.334871
0.334579
0.334629
0.334668
0.334623
0.3345
0.334946
0.334532
0.334642
0.334488
0.334454
0.334482
0.334697
0.334653
0.334516
0.334532
0.334601
0.334829
0.334906
0.334476
0.334951
0.334583
0.335311
0.334324
0.33454
0.334968
0.334786
0.33498
0.334624
0.334598
0.334734
0.334588
0.334387
0.334741
0.335182
0.334408
0.334833
0.334364
0.334653
0.334826
0.334482
0.334927
0.334567
0.334614
0.334883
0.335111
0.334885
0.335181
0.33445
0.334629
0.334419
0.334791
0.334611
0.334829
0.334756
0.334716
0.334966
0.334119
0.334614
0.334215
0.334915
0.33441
0.334507
0.334932
0.334639
0.334403
0.335147
0.334619
0.334547
0.334932
0.335183
0.334543
0.334997
0.334479
0.334927
0.334538
0.33466
0.334325
0.334974
0.335041
0.334766
0.334651
0.334838
0.334469
0.334563
0.334769
0.334695
0.334994
0.334879
0.334835
0.334414
0.33471
0.334834
0.334659
0.334765
0.334497
0.334788
0.334714
0.334945
0.334753
0.334777
0.334441
0.334851
0.334957
0.334649
0.334395
0.334882
0.334772
0.334562
0.334866
0.334743
0.334518
0.334662
0.334306
0.334559
0.335016
0.334524
0.334863
0.334828
0.334404
0.334775
0.334727
0.334616
0.334661
0.334931
0.334679
0.334641
0.3346
0.334721
0.335039
0.334901
0.334442
0.334715
0.334647
0.33476
0.334839
0.334834
0.334823
0.33429
0.33465
0.334428
0.334752
0.334753
0.335043
0.334628
0.334798
0.334636
0.334851
0.334623
0.334425
0.334492
0.334762
0.334624
0.3347
0.334814
0.334844
0.334592
0.334804
0.334593
0.334766
0.334867
0.334783
0.334663
0.334587
0.334918
0.334784
0.334828
0.334952
0.334784
0.334814
0.334742
0.334802
0.334777
0.334273
0.334771
0.334699
0.334345
0.334463
0.334713
0.334878
0.335115
0.33433
0.334545
0.334659
0.334633
0.33441
0.334106
0.335002
0.334786
0.334704
0.334995
0.33467
0.334756
0.334482
0.334848
0.334846
0.334631
0.334642
0.335001
0.334812
0.334744
0.3348
0.334828
0.334538
0.33477
0.335176
0.334951
0.33457
0.334786
0.334575
0.334575
0.334507
0.335287
0.334772
0.334529
0.334438
0.334717
0.334647
0.334941
0.334579
0.33525
0.334411
0.334765
0.334361
0.334963
0.334462
0.334167
0.334279
0.334578
0.334824
0.334566
0.334963
0.334979
0.334229
0.335101
0.334787
0.334762
0.334913
0.334678
0.334789
0.334515
0.33445
0.334958
0.335173
0.334748
0.334311
0.334287
0.334863
0.334569
0.334994
0.334502
0.334479
0.334582
0.334391
0.334826
0.334087
0.334528
0.33488
0.334532
0.334754
0.334576
0.334626
0.334869
0.334811
0.334791
0.334804
0.334608
0.334284
0.334639
0.334505
0.334722
0.334926
0.334709
0.334921
0.334169
0.334919
0.334663
0.335069
0.334869
0.334959
0.334855
0.334786
0.335164
0.334794
0.334608
0.334759
0.334545
0.334904
0.334746
0.334668
0.334599
0.334267
0.334783
0.334924
0.334595
0.33465
0.334978
0.334339
0.334548
0.33461
0.334235
0.334478
0.334974
0.33477
0.334828
0.334772
0.334434
0.334751
0.334818
0.334734
0.334657
0.334616
0.334882
0.334934
0.33489
0.33438
0.334437
0.334533
0.334868
0.334937
0.334764
0.3347
0.334786
0.334451
0.334865
0.334617
0.335062
0.334725
0.334427
0.335025
0.334854
0.334494
0.335202
0.335144
0.334434
0.334898
0.334447
0.334645
0.334721
0.334798
0.3347
0.334588
0.334813
0.334982
0.334476
0.334544
0.334637
0.334936
0.335002
0.334443
0.334787
0.335059
0.334543
0.334732
0.334423
0.335123
0.334547
0.33469
0.335265
0.334941
0.335043
0.334659
0.334267
0.334723
0.334679
0.334678
0.334095
0.3348
0.334845
0.334577
0.334708
0.334552
0.334767
0.334487
0.334687
0.334651
0.334921
0.334961
0.334117
0.334428
0.334619
0.33475
0.33435
0.334448
0.334761
0.335093
0.334839
0.334521
0.334705
0.335048
0.335024
0.334875
0.334381
0.334961
0.334901
0.334073
0.334813
0.334563
0.334715
0.334692
0.334308
0.334428
0.334673
0.334902
0.334428
0.334553
0.33456
0.334626
0.334294
0.335158
0.33457
0.334826
0.334934
0.334452
0.335259
0.334884
0.334352
0.33449
0.33443
0.334625
0.334312
0.33452
0.3347
0.33476
0.334876
0.334558
0.33501
0.334417
0.334886
0.334687
0.33486
0.334708
0.334476
0.334389
0.334677
0.33455
0.334294
0.334733
0.334935
0.335097
0.335034
0.334898
0.334826
0.334616
0.334704
0.334047
0.33484
0.334809
0.33482
0.334487
0.335114
0.334693
0.334772
0.334536
0.334535
0.334639
0.33456
0.334661
0.33471
0.334927
0.334796
0.334894
0.334703
0.334907
0.334689
0.334969
0.334706
0.334696
0.334651
0.334787
0.33486
0.334915
0.334918
0.334757
0.334541
0.335066
0.334972
0.334729
0.334814
0.335393
0.334646
0.334982
0.334347
0.334895
0.334586
0.334543
0.3347
0.334653
0.334582
0.33492
0.334721
0.334818
0.334523
0.334805
0.334507
0.334539
0.334906
0.334844
0.334672
0.334902
0.3348
0.334459
0.334917
0.334995
0.334716
0.334519
0.334617
0.334585
0.334678
0.334871
0.334305
0.334809
0.334708
0.334093
0.334833
0.334593
0.334587
0.334586
0.334983
0.33452
0.334589
0.334433
0.334695
0.335006
0.334824
0.334801
0.334516
0.334503
0.334691
0.334574
0.334525
0.334793
0.334775
0.334468
0.334245
0.334677
0.334837
0.334856
0.334656
0.33496
0.334659
0.334873
0.33469
0.334112
0.334913
0.334842
0.334353
0.334786
0.334481
0.334885
0.334549
0.334622
0.334531
0.334554
0.334866
0.334591
0.333933
0.3348
0.334554
0.334885
0.334675
0.334334
0.334482
0.334527
0.334255
0.334589
0.334486
0.33504
0.334833
0.334922
0.334875
0.334594
0.335002
0.334453
0.334685
0.334819
0.335028
0.334895
0.33455
0.334507
0.334794
0.334624
0.334733
0.334968
0.334919
0.334572
0.334603
0.334445
0.334816
0.334466
0.3344
0.334391
0.334545
0.334843
0.334865
0.3347
0.335158
0.334505
0.334762
0.33459
0.334925
0.334604
0.334223
0.334501
0.334862
0.334711
0.334664
0.334386
0.334631
0.334433
0.335139
0.334229
0.334887
0.334597
0.334674
0.334607
0.33462
0.334455
0.334542
0.335079
0.334696
0.33456
0.334921
0.334716
0.33497
0.334668
0.334698
0.334961
0.335112
0.334814
0.334333
0.334868
0.334771
0.334954
0.33455
0.334812
0.335015
0.334898
0.3346
0.335125
0.334801
0.334526
0.334262
0.334899
0.334575
0.335009
0.334725
0.334988
0.334586
0.334589
0.335084
0.334531
0.335006
0.33462
0.334439
0.334907
0.334855
0.334806
0.334849
0.334804
0.335105
0.334826
0.335167
0.334518
0.334608
0.334786
0.334863
0.334808
0.334593
0.334895
0.33457
0.334631
0.334577
0.334894
0.334778
0.334446
0.334765
0.334723
0.334572
0.334265
0.33484
0.334777
0.334954
0.334761
0.334412
0.334834
0.334742
0.334699
0.334651
0.334267
0.334917
0.334625
0.334782
0.335038
0.334531
0.334697
0.334697
0.334644
0.335145
0.33472
0.334609
0.334792
0.334724
0.334217
0.334287
0.335276
0.334011
0.334847
0.334519
0.334481
0.33462
0.334785
0.334652
0.334995
0.334808
0.334326
0.334803
0.334966
0.334911
0.335043
0.334634
0.334564
0.335104
0.334751
0.334679
0.334857
0.334343
0.334404
0.334674
0.334469
0.33517
0.334714
0.33464
0.334467
0.334722
0.334784
0.334445
0.334699
0.334693
0.334819
0.334956
0.33479
0.334671
0.334947
0.334698
0.334375
0.334885
0.334205
0.334794
0.334713
0.33485
0.334862
0.334277
0.33483
0.334963
0.334671
0.334793
0.334709
0.334347
0.334818
0.334934
0.335201
0.33437
0.335005
0.334773
0.334711
0.334632
0.334901
0.334499
0.334898
0.335098
0.334604
0.334572
0.334646
0.334454
0.33495
0.33482
0.335109
0.334634
0.334439
0.334535
0.334442
0.334772
0.335089
0.334693
0.334531
0.334866
0.33456
0.334895
0.334347
0.334996
0.334609
0.334587
0.334626
0.334628
0.334971
0.334681
0.334575
0.334272
0.334613
0.334703
0.334793
0.334864
0.334867
0.334743
0.334548
0.334641
0.334829
0.334689
0.334643
0.334391
0.335009
0.334695
0.335176
0.334556
0.334657
0.334576
0.334672
0.335043
0.334881
0.334051
0.334727
0.334408
0.334362
0.334966
0.335226
0.334699
0.3346
0.334883
0.334802
0.335055
0.334769
0.334656
0.334481
0.33467
0.334543
0.334762
0.334417
0.334954
0.335139
0.334837
0.334396
0.334648
0.334907
0.334864
0.334487
0.334467
0.334203
0.334378
0.334263
0.334525
0.334935
0.33468
0.334821
0.334596
0.334741
0.334834
0.334788
0.334799
0.334857
0.334773
0.334697
0.334872
0.334614
0.334839
0.334906
0.334853
0.334447
0.334789
0.335229
0.33465
0.334513
0.334568
0.334978
0.334488
0.334339
0.334257
0.334739
0.334572
0.334827
0.334971
0.334608
0.334925
0.334844
0.334186
0.334567
0.334427
0.334918
0.334652
0.334471
0.334496
0.334437
0.334754
0.334431
0.334606
0.334772
0.33434
0.334398
0.334782
0.334494
0.334436
0.334819
0.334607
0.33504
0.334906
0.334519
0.334612
0.334536
0.334548
0.333909
0.334665
0.334578
0.334597
0.334306
0.334732
0.33497
0.334448
0.334839
0.334693
0.334881
0.334629
0.33495
0.33483
0.334933
0.33475
0.334865
0.334534
0.334167
0.334189
0.334769
0.334699
0.334753
0.334445
0.334644
0.334628
0.334759
0.334746
0.334563
0.335089
0.334808
0.334561
0.334854
0.334813
0.33473
0.334856
0.334454
0.334409
0.334638
0.334834
0.33443
0.334615
0.334721
0.334569
0.334718
0.334702
0.334667
0.334534
0.334641
0.334942
0.334904
0.334475
0.334721
0.334893
0.334781
0.334453
0.3348
0.334848
0.334655
0.334916
0.334561
0.334643
0.335151
0.334738
0.334604
0.334788
0.334631
0.334467
0.335269
0.334474
0.334646
0.334687
0.33492
0.334831
0.334886
0.334879
0.334978
0.334966
0.334672
0.334913
0.334704
0.334646
0.334948
0.334469
0.334952
0.335029
0.335038
0.334587
0.334458
0.334516
0.33453
0.334804
0.334679
0.335165
0.334529
0.334863
0.334608
0.334798
0.334849
0.334635
0.334691
0.334349
0.334896
0.334863
0.33483
0.33503
0.33462
0.334394
0.334973
0.33483
0.334469
0.33486
0.334943
0.334488
0.334545
0.334752
0.334453
0.334806
0.335044
0.334608
0.33492
0.334665
0.334905
0.334698
0.335019
0.33429
0.334618
0.33445
0.335006
0.334641
0.334743
0.334882
0.334647
0.334864
0.334569
0.334857
0.334615
0.334979
0.334581
0.334572
0.33464
0.334823
0.334732
0.334584
0.335048
0.334562
0.334452
0.334505
0.334678
0.334579
0.33495
0.334864
0.33471
0.334677
0.334338
0.334836
0.334653
0.334849
0.33487
0.335139
0.334226
0.334648
0.334454
0.334323
0.334368
0.334531
0.334874
0.334478
0.334912
0.334678
0.334492
0.334974
0.334557
0.334372
0.33504
0.334505
0.335132
0.335061
0.334391
0.334663
0.334724
0.334786
0.334919
0.334644
0.334637
0.33484
0.334732
0.334663
0.334844
0.334569
0.334937
0.33454
0.33487
0.334443
0.334722
0.334837
0.334514
0.334559
0.334856
0.3345
0.334619
0.334394
0.334676
0.334668
0.334688
0.334499
0.334712
0.334753
0.334659
0.334874
0.334739
0.334911
0.334618
0.334554
0.334504
0.334434
0.334783
0.334464
0.335271
0.33436
0.334658
0.334252
0.334702
0.334433
0.334847
0.334938
0.334913
0.33476
0.334802
0.334441
0.334796
0.334805
0.334777
0.334647
0.334969
0.334881
0.33531
0.334871
0.334775
0.334819
0.334822
0.334591
0.334877
0.334119
0.334955
0.334532
0.334648
0.334895
0.334658
0.334463
0.334606
0.334666
0.334357
0.334466
0.334546
0.334901
0.334732
0.334958
0.334195
0.334337
0.334785
0.335111
0.334804
0.334427
0.334718
0.334637
0.334572
0.334646
0.334743
0.334808
0.334228
0.334428
0.334958
0.335068
0.334826
0.334665
0.334384
0.333914
0.334916
0.335033
0.33475
0.334646
0.334861
0.334637
0.334737
0.334786
0.334565
0.334472
0.334674
0.33444
0.334901
0.334852
0.334687
0.334866
0.334628
0.334941
0.334325
0.334804
0.334703
0.334624
0.334225
0.334706
0.334577
0.33484
0.334632
0.334233
0.334647
0.334736
0.334649
0.334718
0.334536
0.334584
0.33472
0.334918
0.334058
0.334609
0.334818
0.334899
0.334573
0.334838
0.3348
0.334768
0.33468
0.334072
0.335019
0.3346
0.334485
0.334856
0.334848
0.334589
0.334882
0.334761
0.334424
0.334831
0.334605
0.334563
0.334878
0.334564
0.334447
0.335088
0.334752
0.33462
0.334734
0.334948
0.334623
0.334666
0.335032
0.334409
0.33455
0.334812
0.334531
0.334752
0.334694
0.334802
0.334633
0.334662
0.334609
0.334762
0.33486
0.334819
0.334903
0.334719
0.334967
0.334729
0.334478
0.334485
0.334637
0.334977
0.334989
0.334262
0.334548
0.334482
0.334748
0.334528
0.334516
0.334712
0.334921
0.334508
0.334947
0.335056
0.334794
0.334644
0.334207
0.334755
0.334581
0.335007
0.334586
0.334563
0.334495
0.334759
0.335105
0.33489
0.334899
0.335012
0.334282
0.334524
0.334761
0.334889
0.334617
0.334529
0.33475
0.334596
0.334863
0.334768
0.334616
0.335013
0.334955
0.334672
0.334571
0.334863
0.334459
0.334564
0.334804
0.33517
0.334886
0.334511
0.334736
0.334613
0.334999
0.334669
0.334386
0.334413
0.334723
0.334711
0.334959
0.334594
0.335299
0.33459
0.334957
0.334972
0.334732
0.334405
0.334998
0.334568
0.334835
0.334799
0.334686
0.334869
0.334697
0.334414
0.334864
0.334981
0.334847
0.334733
0.334799
0.334346
0.334652
0.334569
0.334948
0.334839
0.334691
0.335063
0.334845
0.3346
0.334805
0.33483
0.334702
0.334644
0.334351
0.334586
0.334457
0.334679
0.334666
0.334989
0.334705
0.334916
0.334235
0.334693
0.335
0.334832
0.334682
0.334668
0.335132
0.334795
0.334276
0.334767
0.334516
0.335014
0.335036
0.334891
0.334983
0.334739
0.334916
0.33486
0.334411
0.334786
0.334642
0.334555
0.334719
0.334773
0.334445
0.334492
0.334498
0.334625
0.3347
0.335352
0.334749
0.334759
0.334602
0.334701
0.334472
0.33472
0.334202
0.334835
0.334608
0.334949
0.334366
0.334395
0.334601
0.334549
0.334938
0.334611
0.334597
0.334915
0.335168
0.335046
0.334865
0.334703
0.334693
0.334663
0.334628
0.33465
0.334834
0.335001
0.334238
0.335056
0.334705
0.334403
0.334763
0.334787
0.334805
0.334576
0.334319
0.334715
0.334758
0.334647
0.334536
0.334647
0.3344
0.334761
0.334969
0.334572
0.334336
0.334938
0.33462
0.334553
0.335011
0.334378
0.334576
0.334809
0.33484
0.334916
0.334897
0.335235
0.334773
0.334482
0.334806
0.33492
0.33475
0.335113
0.334435
0.334585
0.33472
0.334536
0.334392
0.334665
0.334709
0.334979
0.334864
0.335079
0.334859
0.334467
0.334426
0.334868
0.334821
0.334751
0.334863
0.334655
0.334877
0.335016
0.334704
0.33449
0.334272
0.334821
0.334841
0.334205
0.334515
0.334965
0.334453
0.334594
0.334635
0.33462
0.334858
0.334867
0.334371
0.334648
0.334349
0.334685
0.334719
0.334826
0.33506
0.334849
0.334846
0.334855
0.334727
0.334517
0.335023
0.334929
0.334787
0.335039
0.334402
0.334833
0.334514
0.334896
0.334762
0.334595
0.334426
0.33512
0.334436
0.335101
0.334235
0.334648
0.33485
0.334618
0.334311
0.334864
0.334707
0.334596
0.33507
0.334825
0.334634
0.334915
0.33469
0.334598
0.33471
0.3343
0.334904
0.334747
0.334554
0.33461
0.334903
0.334738
0.334682
0.334781
0.334675
0.334994
0.335162
0.334766
0.334852
0.334862
0.334666
0.3346
0.334881
0.334951
0.334712
0.335081
0.334816
0.334875
0.334457
0.334962
0.334896
0.334646
0.334556
0.334738
0.334993
0.334821
0.334378
0.334535
0.334539
0.334766
0.334757
0.334633
0.334539
0.334519
0.334701
0.33441
0.334699
0.334554
0.334627
0.334788
0.334878
0.334628
0.334624
0.334637
0.334609
0.334675
0.33448
0.334532
0.334717
0.334318
0.334875
0.334296
0.334658
0.33463
0.334727
0.334698
0.33473
0.3344
0.334438
0.334654
0.334954
0.334899
0.334952
0.334769
0.334432
0.333937
0.334668
0.334851
0.334752
0.334643
0.334491
0.334829
0.334668
0.334607
0.334743
0.334741
0.334795
0.33486
0.334894
0.33472
0.334868
0.3349
0.334533
0.334699
0.334408
0.334638
0.334481
0.334866
0.334767
0.334279
0.33441
0.334682
0.334514
0.334769
0.334371
0.334664
0.334838
0.334534
0.33455
0.335146
0.334691
0.334574
0.334928
0.334641
0.33472
0.334617
0.334663
0.334384
0.334903
0.334619
0.334801
0.334583
0.334507
0.334557
0.334269
0.334475
0.334804
0.334713
0.334918
0.334446
0.334839
0.334616
0.334857
0.33491
0.33495
0.334815
0.334047
0.334863
0.334575
0.334802
0.33487
0.334665
0.334153
0.334764
0.334375
0.334628
0.334982
0.334287
0.334958
0.335077
0.334861
0.33435
0.334158
0.334558
0.334817
0.334352
0.334844
0.334936
0.33456
0.335076
0.334836
0.335009
0.334697
0.334714
0.33456
0.33466
0.334462
0.334507
0.334888
0.334852
0.335126
0.334726
0.334839
0.334482
0.334589
0.334528
0.334312
0.334513
0.334801
0.335153
0.334841
0.334815
0.334624
0.334518
0.334549
0.334568
0.334602
0.334697
0.334746
0.334584
0.334596
0.334508
0.334343
0.334412
0.33477
0.334503
0.334766
0.334548
0.33509
0.334571
0.334709
0.334758
0.334602
0.334796
0.334618
0.33464
0.334646
0.334861
0.334229
0.334441
0.334674
0.334581
0.334536
0.335077
0.334704
0.334642
0.335009
0.334862
0.334702
0.33464
0.334676
0.334862
0.334371
0.334288
0.334939
0.334758
0.334987
0.334669
0.335243
0.334841
0.33491
0.335091
0.334746
0.334723
0.334558
0.334682
0.334754
0.335014
0.334725
0.334677
0.334154
0.334574
0.334811
0.334932
0.334561
0.334555
0.334773
0.334941
0.334713
0.334297
0.334636
0.335287
0.334683
0.334732
0.334873
0.334698
0.334864
0.334682
0.334609
0.33464
0.334658
0.334489
0.334539
0.334786
0.334473
0.334797
0.334667
0.33454
0.334734
0.334413
0.334868
0.33463
0.33448
0.334613
0.334429
0.334657
0.335085
0.334644
0.335029
0.334707
0.33497
0.334338
0.334709
0.335073
0.334854
0.334187
0.334812
0.334851
0.334598
0.335076
0.334896
0.334714
0.334857
0.334455
0.334763
0.334352
0.334915
0.334718
0.334645
0.334896
0.334577
0.334581
0.334822
0.334756
0.334862
0.334673
0.334733
0.335081
0.335073
0.334659
0.334855
0.335112
0.334983
0.334824
0.334759
0.334869
0.334742
0.334635
0.33467
0.334465
0.334998
0.334596
0.33446
0.334784
0.334572
0.334432
0.334484
0.335038
0.334941
0.335006
0.334197
0.334647
0.334787
0.334788
0.334609
0.334803
0.334522
0.334576
0.334866
0.334549
0.334866
0.334577
0.334524
0.334756
0.334816
0.334399
0.335175
0.334641
0.334511
0.334506
0.334463
0.334575
0.334885
0.334651
0.334799
0.33495
0.334752
0.334434
0.334751
0.334537
0.334676
0.334616
0.334668
0.334461
0.334862
0.334868
0.334941
0.334872
0.334434
0.334912
0.334912
0.334837
0.334325
0.334725
0.334716
0.334472
0.334601
0.334447
0.334659
0.334741
0.334134
0.334808
0.335121
0.334571
0.33457
0.334572
0.334758
0.334781
0.334491
0.335061
0.334724
0.334782
0.334628
0.334923
0.334813
0.334859
0.334389
0.334943
0.334687
0.33502
0.33481
0.33469
0.334773
0.33472
0.334451
0.334759
0.334843
0.334485
0.334984
0.335026
0.33465
0.334968
0.334242
0.335094
0.334154
0.334704
0.334618
0.334482
0.334854
0.334684
0.334683
0.334896
0.334445
0.334795
0.334488
0.334471
0.335326
0.334979
0.334966
0.334564
0.335023
0.334636
0.334271
0.334723
0.335015
0.334815
0.334438
0.334911
0.334875
0.334694
0.334816
0.334368
0.334898
0.334712
0.334539
0.334848
0.334677
0.334525
0.334555
0.334324
0.334753
0.33471
0.334659
0.334424
0.334734
0.334299
0.335294
0.334745
0.334895
0.334462
0.334622
0.334798
0.334969
0.334823
0.334663
0.334298
0.33457
0.334258
0.334648
0.334728
0.334717
0.334783
0.33518
0.334412
0.334888
0.334549
0.334559
0.334599
0.334622
0.334656
0.334725
0.334734
0.334764
0.334656
0.334797
0.334922
0.334824
0.334515
0.334364
0.334678
0.334814
0.334789
0.334238
0.334887
0.334717
0.334727
0.334708
0.334402
0.334676
0.335003
0.334953
0.334368
0.334489
0.334828
0.334891
0.334613
0.334316
0.334421
0.334722
0.334341
0.334888
0.334667
0.334634
0.33449
0.334547
0.334564
0.334404
0.334454
0.334646
0.334662
0.334831
0.334999
0.334813
0.334639
0.33468
0.334595
0.334771
0.335104
0.334904
0.334816
0.334838
0.334551
0.334634
0.334355
0.334652
0.334659
0.334575
0.334681
0.334685
0.33455
0.334577
0.334299
0.334848
0.334727
0.33485
0.334689
0.334633
0.334645
0.33497
0.334694
0.334775
0.334544
0.334649
0.334646
0.335074
0.3348
0.334683
0.334466
0.334445
0.334754
0.334339
0.334755
0.334705
0.334681
0.334647
0.334559
0.334513
0.335064
0.334545
0.334415
0.334593
0.334682
0.334572
0.335003
0.334535
0.334663
0.334983
0.334486
0.334668
0.334955
0.334974
0.334939
0.334527
0.334968
0.334363
0.334887
0.334982
0.334618
0.334809
0.334585
0.3346
0.334878
0.334521
0.334877
0.334462
0.334394
0.334586
0.335135
0.334429
0.334801
0.334601
0.33444
0.334647
0.334803
0.334506
0.334404
0.334862
0.334867
0.334976
0.33479
0.334755
0.334652
0.334578
0.334669
0.334625
0.334711
0.335229
0.33468
0.334634
0.334959
0.334591
0.334625
0.334843
0.334972
0.33464
0.334372
0.334578
0.334612
0.334889
0.334368
0.334718
0.334415
0.334998
0.33479
0.334911
0.334695
0.334761
0.334619
0.335077
0.335159
0.335002
0.334778
0.334735
0.3351
0.334554
0.334647
0.334273
0.334384
0.334599
0.334912
0.334941
0.334882
0.33456
0.334552
0.335106
0.334769
0.334768
0.335048
0.334517
0.334796
0.334755
0.335077
0.334823
0.334802
0.334629
0.334475
0.334668
0.335036
0.33467
0.334775
0.334608
0.3349
0.334807
0.334632
0.334976
0.334905
0.33437
0.334555
0.334601
0.335011
0.334507
0.334607
0.334649
0.334819
0.334973
0.334511
0.334717
0.334635
0.334487
0.334263
0.334707
0.334968
0.334813
0.334516
0.335038
0.334736
0.334765
0.334768
0.334326
0.334847
0.334568
0.334715
0.334319
0.334687
0.334841
0.3349
0.33459
0.334472
0.335061
0.334862
0.334941
0.334586
0.334726
0.334622
0.334804
0.334848
0.334624
0.334866
0.334607
0.334585
0.334518
0.334883
0.334859
0.334403
0.335009
0.334434
0.335012
0.334869
0.334794
0.334842
0.334769
0.334676
0.334947
0.335022
0.334842
0.33446
0.334688
0.334596
0.33484
0.334605
0.334282
0.335082
0.334939
0.33455
0.334753
0.33464
0.334776
0.334812
0.334762
0.33491
0.334567
0.334455
0.334631
0.334928
0.334706
0.334885
0.334507
0.334908
0.33451
0.334709
0.334504
0.334093
0.334885
0.334782
0.335007
0.334699
0.334656
0.334857
0.334578
0.334285
0.334804
0.335164
0.334588
0.334318
0.334965
0.334285
0.335045
0.335005
0.334837
0.334507
0.334299
0.334504
0.334464
0.33468
0.334972
0.334759
0.335021
0.334704
0.334701
0.33445
0.334808
0.334623
0.334554
0.334998
0.334775
0.334633
0.334942
0.334474
0.334858
0.334679
0.334663
0.334983
0.334944
0.334593
0.335129
0.334781
0.334881
0.335078
0.33484
0.33481
0.334436
0.334783
0.334617
0.33446
0.334872
0.334826
0.334786
0.335089
0.334785
0.334592
0.334533
0.334642
0.33468
0.334771
0.334803
0.33469
0.334812
0.335116
0.33475
0.334645
0.334435
0.335037
0.334836
0.334953
0.334563
0.334494
0.334357
0.33439
0.334712
0.334921
0.334994
0.334572
0.334892
0.334695
0.334261
0.334887
0.334816
0.33477
0.33465
0.335067
0.33487
0.334566
0.334764
0.334914
0.335372
0.33453
0.33472
0.334625
0.334664
0.334875
0.334607
0.335206
0.334798
0.334799
0.334783
0.334229
0.335055
0.335171
0.335132
0.334563
0.334898
0.334829
0.334704
0.334593
0.334496
0.334786
0.335004
0.335191
0.334843
0.334641
0.334864
0.334507
0.334572
0.334825
0.334687
0.334843
0.334386
0.334818
0.334857
0.334546
0.334411
0.334736
0.334721
0.334917
0.33437
0.334804
0.334465
0.334402
0.334372
0.334814
0.33469
0.334741
0.33467
0.334745
0.33481
0.334186
0.334713
0.334393
0.334964
0.334547
0.334621
0.334795
0.334848
0.334437
0.334892
0.334752
0.334879
0.334516
0.335049
0.334308
0.334611
0.334329
0.334732
0.335034
0.334838
0.334446
0.334733
0.334867
0.334252
0.334573
0.334676
0.335009
0.335011
0.334747
0.335138
0.334556
0.334539
0.334512
0.334897
0.334989
0.334702
0.334896
0.335225
0.334836
0.334489
0.334869
0.334769
0.334907
0.334894
0.334835
0.334499
0.334714
0.334818
0.335122
0.334435
0.334718
0.334594
0.334737
0.334772
0.334339
0.334826
0.334659
0.334376
0.334857
0.334423
0.334989
0.334812
0.33469
0.334889
0.33462
0.334525
0.335073
0.334033
0.334599
0.334801
0.334963
0.334792
0.334547
0.334576
0.334601
0.334651
0.334594
0.334975
0.334781
0.334699
0.334407
0.334882
0.334918
0.334541
0.334737
0.334882
0.334963
0.334603
0.334567
0.334574
0.334686
0.334722
0.334452
0.334554
0.334636
0.334867
0.334774
0.334532
0.334743
0.3348
0.334479
0.33483
0.334656
0.334826
0.335067
0.334795
0.334653
0.334826
0.334321
0.334601
0.334876
0.334491
0.335232
0.334682
0.334925
0.334771
0.334786
0.334833
0.334531
0.334556
0.334803
0.334644
0.334514
0.334528
0.334566
0.334936
0.334834
0.334499
0.334495
0.334921
0.334214
0.334369
0.334966
0.33481
0.334619
0.335041
0.334499
0.334702
0.334523
0.334769
0.334941
0.334673
0.334631
0.334644
0.334615
0.334777
0.334701
0.334694
0.334699
0.334805
0.334606
0.33464
0.334831
0.334582
0.334542
0.334781
0.334833
0.335005
0.33471
0.334599
0.334657
0.334881
0.334402
0.334454
0.334567
0.334641
0.334557
0.334648
0.335263
0.334777
0.334996
0.334512
0.334544
0.334597
0.334662
0.334788
0.334632
0.334592
0.334484
0.334765
0.334892
0.335081
0.334412
0.33463
0.334785
0.334773
0.334586
0.334611
0.334468
0.334383
0.334584
0.334722
0.334601
0.334699
0.334927
0.33441
0.334511
0.334263
0.335062
0.334595
0.334762
0.334707
0.33493
0.33466
0.334611
0.334673
0.334862
0.334867
0.335103
0.334897
0.334176
0.33506
0.334864
0.335012
0.33506
0.33472
0.334758
0.334691
0.334668
0.334515
0.334558
0.334821
0.334964
0.334732
0.33478
0.334164
0.334834
0.334565
0.334481
0.334486
0.334614
0.334773
0.334672
0.334809
0.334746
0.334989
0.334794
0.334694
0.334954
0.334469
0.334183
0.334638
0.334659
0.334411
0.334838
0.334802
0.334452
0.33444
0.334858
0.334799
0.335041
0.334509
0.334599
0.334949
0.334671
0.334577
0.334506
0.334897
0.334718
0.33471
0.334446
0.335019
0.334966
0.334751
0.334958
0.335225
0.334935
0.334769
0.334888
0.334464
0.3348
0.3348
0.334308
0.334824
0.334469
0.334478
0.334822
0.335056
0.334633
0.334737
0.334514
0.334495
0.335088
0.335022
0.334609
0.334589
0.334632
0.334521
0.334733
0.334507
0.334845
0.335319
0.334778
0.33432
0.334864
0.334377
0.334944
0.334883
0.334857
0.334649
0.334915
0.33528
0.334462
0.33488
0.334872
0.334637
0.335092
0.334643
0.33443
0.334467
0.334816
0.334381
0.334495
0.334263
0.334349
0.334797
0.334879
0.334835
0.334547
0.334865
0.334604
0.334674
0.33489
0.334803
0.334572
0.334551
0.334433
0.334192
0.334606
0.334433
0.335339
0.334559
0.334461
0.334833
0.334365
0.334881
0.334468
0.334632
0.334946
0.334781
0.334884
0.334569
0.334515
0.334682
0.33487
0.334922
0.334822
0.334703
0.334516
0.334625
0.334523
0.334843
0.334445
0.33417
0.334319
0.334659
0.334799
0.335239
0.33463
0.334559
0.33478
0.335051
0.334763
0.335184
0.334624
0.335148
0.334547
0.335408
0.33472
0.334558
0.334689
0.334805
0.334588
0.334615
0.33417
0.334795
0.334639
0.33453
0.334502
0.334528
0.334411
0.334546
0.334774
0.334874
0.334475
0.334557
0.334828
0.33445
0.33509
0.334789
0.334892
0.334799
0.334336
0.334892
0.334654
0.334925
0.334689
0.334721
0.334532
0.334885
0.334963
0.334611
0.334695
0.334829
0.334817
0.334809
0.334924
0.334926
0.334513
0.334692
0.334355
0.334758
0.335068
0.335213
0.334609
0.334644
0.334707
0.334372
0.334592
0.334595
0.33443
0.334539
0.334463
0.334704
0.33486
0.33453
0.334514
0.334973
0.334661
0.334608
0.334579
0.334833
0.334651
0.334679
0.334842
0.334904
0.334872
0.334867
0.334385
0.334837
0.334963
0.334645
0.33485
0.33456
0.33472
0.334411
0.334671
0.334642
0.334658
0.335024
0.334801
0.334593
0.335007
0.334733
0.335053
0.334829
0.334495
0.334682
0.334542
0.33465
0.3346
0.334807
0.334711
0.335027
0.334433
0.334823
0.334741
0.334482
0.334573
0.334682
0.334816
0.334503
0.334736
0.334563
0.334989
0.334724
0.3346
0.335
0.334814
0.334631
0.334941
0.334885
0.3348
0.334535
0.33476
0.334921
0.334544
0.334921
0.33474
0.334756
0.334674
0.334701
0.334731
0.334504
0.334741
0.334936
0.334801
0.334346
0.334374
0.334752
0.334477
0.334974
0.334621
0.334663
0.335236
0.334358
0.334494
0.334527
0.334725
0.334594
0.334784
0.334799
0.334881
0.334921
0.334855
0.334761
0.33466
0.334606
0.334831
0.334716
0.33468
0.334619
0.334503
0.33447
0.334598
0.334676
0.334662
0.3347
0.33444
0.334449
0.334323
0.334729
0.334884
0.335055
0.33444
0.335084
0.334998
0.335089
0.334287
0.334853
0.334709
0.334897
0.334885
0.334366
0.33429
0.33449
0.334892
0.334844
0.334867
0.334664
0.335205
0.334817
0.334867
0.335339
0.334787
0.334717
0.334559
0.334859
0.334776
0.334663
0.334383
0.334681
0.335028
0.335131
0.334614
0.334417
0.334673
0.334533
0.334585
0.334709
0.334438
0.334561
0.334482
0.334898
0.334609
0.335164
0.334952
0.334743
0.335143
0.334976
0.334731
0.334818
0.334856
0.334639
0.334622
0.334375
0.334752
0.334481
0.334856
0.334528
0.334849
0.334322
0.334757
0.334418
0.334663
0.33509
0.334467
0.334542
0.334838
0.334723
0.334678
0.334515
0.334491
0.334677
0.334786
0.335074
0.334276
0.334929
0.334571
0.33498
0.334127
0.335044
0.334786
0.334381
0.334775
0.33451
0.334718
0.334562
0.334812
0.334934
0.335052
0.334754
0.335246
0.334718
0.335054
0.33455
0.335107
0.334716
0.334461
0.334368
0.335064
0.334809
0.334558
0.334564
0.334635
0.335038
0.334824
0.334488
0.334265
0.334529
0.335073
0.33456
0.335099
0.334402
0.334491
0.334769
0.334583
0.334674
0.334597
0.334797
0.334664
0.335056
0.334762
0.334396
0.334959
0.334631
0.334841
0.335003
0.334654
0.334472
0.334452
0.33447
0.334856
0.335318
0.334342
0.334744
0.334838
0.335061
0.335036
0.334748
0.33477
0.334941
0.334914
0.334847
0.334727
0.334583
0.334898
0.334952
0.334572
0.334813
0.334763
0.334707
0.334485
0.33433
0.334905
0.33441
0.335002
0.334969
0.334211
0.334834
0.33428
0.334315
0.334392
0.33488
0.334281
0.335213
0.334811
0.334822
0.33481
0.334257
0.334758
0.334293
0.334534
0.334734
0.334839
0.334484
0.334504
0.334278
0.335036
0.334784
0.334689
0.334581
0.334925
0.334898
0.33443
0.334826
0.334854
0.334918
0.334689
0.334412
0.335035
0.33457
0.334649
0.334706
0.33477
0.334727
0.334884
0.334513
0.334766
0.334378
0.334469
0.334417
0.335253
0.334924
0.335107
0.334789
0.334228
0.33483
0.334763
0.335054
0.334572
0.334953
0.334953
0.334929
0.334833
0.334914
0.334693
0.33466
0.334632
0.3351
0.334576
0.335194
0.334756
0.33473
0.334624
0.334768
0.334628
0.334777
0.334132
0.334816
0.335005
0.335312
0.334357
0.334811
0.335049
0.33507
0.334701
0.334602
0.334231
0.334643
0.334945
0.33444
0.334816
0.334323
0.33441
0.334832
0.33484
0.334632
0.334721
0.334909
0.334675
0.334906
0.335061
0.334698
0.334309
0.334339
0.33488
0.334708
0.334737
0.334719
0.33441
0.334748
0.335051
0.334245
0.334284
0.334936
0.334854
0.334845
0.334843
0.334745
0.334606
0.334864
0.334852
0.334608
0.334519
0.334539
0.334228
0.334338
0.334661
0.3348
0.33491
0.33496
0.334389
0.334874
0.335053
0.334916
0.334769
0.334772
0.334415
0.334684
0.334648
0.334741
0.33468
0.334648
0.334734
0.334505
0.334963
0.334296
0.334592
0.334511
0.334877
0.335152
0.334813
0.334988
0.334442
0.334343
0.33492
0.335106
0.334498
0.334581
0.33483
0.334405
0.334937
0.334652
0.334457
0.334925
0.33468
0.334966
0.334653
0.33484
0.334773
0.334275
0.334653
0.334534
0.334805
0.334648
0.334563
0.334956
0.334702
0.334745
0.334723
0.334738
0.334775
0.334823
0.334612
0.334686
0.334635
0.334947
0.334838
0.334732
0.334722
0.33457
0.334769
0.335476
0.334648
0.334551
0.335166
0.334723
0.334556
0.334967
0.334848
0.334827
0.334848
0.334939
0.334575
0.334623
0.334697
0.334438
0.33441
0.334438
0.334413
0.334507
0.334412
0.335179
0.33499
0.334677
0.334604
0.334779
0.334724
0.335186
0.334576
0.334537
0.334829
0.334845
0.334572
0.334934
0.334812
0.334617
0.334634
0.334327
0.3347
0.334476
0.334666
0.335051
0.334449
0.335058
0.334842
0.334913
0.335061
0.33464
0.334282
0.334778
0.334709
0.3347
0.334567
0.334711
0.334659
0.334199
0.334528
0.334472
0.334671
0.334556
0.334881
0.334897
0.334763
0.334266
0.334676
0.33431
0.334685
0.33467
0.335113
0.33477
0.334846
0.334525
0.33512
0.334754
0.33449
0.33506
0.334569
0.334983
0.33461
0.334873
0.334592
0.334283
0.334655
0.334866
0.334574
0.334672
0.334679
0.334331
0.334608
0.334627
0.334692
0.335339
0.334475
0.33468
0.334931
0.334476
0.33462
0.334831
0.334315
0.334478
0.334435
0.334648
0.334707
0.334634
0.334725
0.334939
0.33515
0.334946
0.334484
0.33436
0.334958
0.334631
0.33463
0.334918
0.334931
0.334769
0.334949
0.334931
0.33493
0.334773
0.334476
0.334871
0.334535
0.334645
0.334507
0.334628
0.334618
0.334877
0.334995
0.334503
0.334478
0.334771
0.334844
0.334931
0.334478
0.334783
0.334657
0.334617
0.334893
0.334858
0.334808
0.334526
0.334416
0.33467
0.334601
0.334527
0.334369
0.33487
0.334598
0.33439
0.335193
0.334707
0.334826
0.334739
0.33456
0.334699
0.334823
0.33454
0.334562
0.334327
0.334741
0.334454
0.33468
0.334399
0.334472
0.334715
0.334851
0.334737
0.334757
0.334749
0.334322
0.334755
0.334795
0.334305
0.335025
0.33463
0.334409
0.334675
0.334521
0.334501
0.334592
0.334642
0.334599
0.335023
0.334923
0.334716
0.334591
0.334353
0.33494
0.334816
0.334208
0.334758
0.334618
0.335071
0.334329
0.334899
0.334541
0.334509
0.334878
0.334523
0.334847
0.334643
0.334576
0.334357
0.334935
0.334646
0.334542
0.334566
0.334781
0.334919
0.33446
0.334525
0.334387
0.334929
0.334552
0.334869
0.335431
0.334425
0.335289
0.334844
0.334861
0.334982
0.334542
0.334657
0.334844
0.334809
0.334689
0.334387
0.334627
0.334913
0.334579
0.334681
0.334737
0.334649
0.334675
0.334966
0.334355
0.334925
0.334567
0.334668
0.334562
0.334529
0.334456
0.334747
0.334693
0.334672
0.334297
0.334693
0.334886
0.334118
0.334578
0.334999
0.334674
0.334806
0.334667
0.334542
0.334928
0.33493
0.3342
0.334535
0.334131
0.33435
0.334774
0.334504
0.334752
0.334971
0.334915
0.334476
0.334618
0.334633
0.334735
0.334727
0.334848
0.334775
0.334833
0.334584
0.334533
0.334596
0.334787
0.334863
0.334575
0.335037
0.334575
0.334863
0.33466
0.334727
0.334559
0.334858
0.334631
0.33459
0.33518
0.334767
0.33451
0.334574
0.334101
0.3349
0.334703
0.334512
0.334998
0.334422
0.334683
0.334973
0.334994
0.334146
0.334505
0.334986
0.334681
0.33417
0.334513
0.334862
0.334867
0.334887
0.33453
0.335108
0.334751
0.334658
0.334529
0.335072
0.334341
0.334272
0.334633
0.334712
0.334817
0.334476
0.334348
0.334475
0.334334
0.334752
0.334511
0.335092
0.334822
0.334862
0.33488
0.334584
0.334812
0.334723
0.334506
0.334599
0.334923
0.3344
0.334536
0.334627
0.33437
0.334663
0.334721
0.334176
0.334528
0.334783
0.334721
0.334817
0.334402
0.334903
0.334952
0.334721
0.334924
0.334842
0.334516
0.33441
0.334657
0.334565
0.334929
0.334286
0.334357
0.334539
0.334576
0.33451
0.334594
0.33462
0.334699
0.334867
0.334739
0.334788
0.334691
0.334706
0.334872
0.334703
0.334845
0.33451
0.334698
0.334594
0.334733
0.334732
0.334549
0.334746
0.334765
0.334634
0.33496
0.334645
0.334882
0.334655
0.334856
0.334964
0.334916
0.33456
0.334456
0.334694
0.33437
0.334675
0.334498
0.335088
0.334446
0.33448
0.334544
0.33477
0.334458
0.334701
0.334754
0.334485
0.334782
0.334535
0.334683
0.334534
0.334773
0.334958
0.334692
0.334816
0.33474
0.334531
0.33465
0.334889
0.334395
0.334892
0.334752
0.334481
0.334853
0.335084
0.334555
0.334253
0.334734
0.33469
0.334348
0.334672
0.335289
0.334063
0.334681
0.334234
0.334854
0.334822
0.334446
0.33464
0.334432
0.334878
0.334573
0.334581
0.334758
0.334811
0.334437
0.334733
0.3343
0.334622
0.334745
0.334871
0.334933
0.334994
0.334458
0.334796
0.334589
0.334583
0.334197
0.334456
0.334576
0.334809
0.334709
0.334452
0.334454
0.334473
0.334832
0.334723
0.334509
0.334657
0.334746
0.33516
0.335162
0.33481
0.334482
0.334823
0.335132
0.334855
0.33445
0.334742
0.334363
0.334464
0.334653
0.33447
0.33439
0.335067
0.334882
0.334897
0.334518
0.334353
0.335064
0.33462
0.334835
0.334271
0.334395
0.334967
0.334433
0.334661
0.334298
0.334718
0.334571
0.334589
0.334913
0.334965
0.334396
0.334618
0.334469
0.334639
0.334848
0.334735
0.33451
0.334453
0.334715
0.334854
0.334646
0.3349
0.334761
0.334892
0.334758
0.334507
0.334722
0.334303
0.334611
0.334488
0.33423
0.33454
0.334623
0.334614
0.334902
0.334869
0.334968
0.334454
0.334872
0.334535
0.334456
0.334814
0.334509
0.334777
0.33489
0.334786
0.334835
0.334931
0.334837
0.334865
0.33497
0.334767
0.334649
0.335101
0.334436
0.334615
0.334956
0.334798
0.334578
0.334327
0.335004
0.335199
0.334264
0.334557
0.334502
0.334632
0.334637
0.334636
0.33484
0.334629
0.33486
0.334707
0.334623
0.334995
0.334896
0.33457
0.33465
0.33476
0.335111
0.334966
0.334413
0.334482
0.334916
0.334282
0.334797
0.334848
0.334586
0.334532
0.334933
0.334689
0.334241
0.334443
0.334788
0.334944
0.334904
0.334511
0.335426
0.334749
0.334799
0.334782
0.334696
0.334696
0.33494
0.334799
0.335078
0.334592
0.334765
0.334789
0.334684
0.334516
0.334246
0.334803
0.3348
0.334672
0.334699
0.334922
0.334776
0.334931
0.334867
0.334526
0.334468
0.334274
0.334571
0.33451
0.334586
0.334658
0.334663
0.334725
0.335359
0.334788
0.334876
0.334643
0.334768
0.334546
0.334647
0.334621
0.334431
0.33437
0.334362
0.335289
0.334739
0.334858
0.335064
0.33455
0.3348
0.334473
0.33461
0.334661
0.334525
0.334234
0.334737
0.334793
0.335034
0.334666
0.33452
0.334552
0.334395
0.334495
0.334856
0.335123
0.335111
0.334769
0.334781
0.334593
0.334518
0.33478
0.334452
0.33472
0.334971
0.334502
0.334432
0.335077
0.334679
0.334943
0.335005
0.334867
0.335049
0.33474
0.335011
0.334869
0.334898
0.334584
0.334631
0.334967
0.335143
0.334881
0.33446
0.335017
0.334636
0.334756
0.334977
0.335034
0.334548
0.334895
0.334932
0.334595
0.334972
0.334471
0.334804
0.334621
0.334813
0.334837
0.334911
0.334305
0.33481
0.334681
0.335024
0.334879
0.333907
0.33427
0.334428
0.334578
0.334855
0.334665
0.334607
0.334708
0.334949
0.334283
0.334565
0.334741
0.334388
0.334559
0.334705
0.334833
0.334685
0.334547
0.334887
0.334551
0.334408
0.334686
0.334953
0.334657
0.335041
0.334672
0.334776
0.334864
0.33478
0.334738
0.334681
0.334736
0.334321
0.334776
0.335111
0.334992
0.335024
0.334793
0.334443
0.334427
0.334767
0.334682
0.33477
0.335055
0.334498
0.33473
0.334876
0.334584
0.334896
0.334588
0.334611
0.334803
0.334349
0.335002
0.334483
0.334442
0.334521
0.3346
0.334762
0.334718
0.334869
0.335
0.334548
0.334614
0.334579
0.334881
0.334579
0.334604
0.334673
0.33434
0.334817
0.334667
0.334761
0.334931
0.334486
0.334448
0.33496
0.334611
0.334676
0.334842
0.334643
0.334863
0.335119
0.33493
0.334214
0.334969
0.334799
0.335007
0.334802
0.334691
0.33479
0.334771
0.334868
0.334855
0.334728
0.334471
0.334829
0.334892
0.334355
0.334713
0.334516
0.334153
0.334552
0.334573
0.334266
0.334831
0.334622
0.334635
0.334364
0.334717
0.334793
0.334238
0.334886
0.334635
0.335037
0.334646
0.33477
0.334728
0.334726
0.334394
0.334618
0.334831
0.334844
0.334801
0.334601
0.334671
0.334704
0.334608
0.33429
0.335096
0.334658
0.33446
0.335047
0.334941
0.334877
0.334746
0.334177
0.334495
0.334576
0.334866
0.334395
0.334891
0.334399
0.334709
0.334892
0.334768
0.334786
0.33456
0.334657
0.334634
0.334926
0.334993
0.334692
0.334724
0.33452
0.334837
0.334694
0.334873
0.334551
0.334736
0.334388
0.334783
0.334516
0.33472
0.334849
0.334823
0.334993
0.334276
0.334404
0.334796
0.334628
0.334722
0.335102
0.334587
0.33447
0.334723
0.334303
0.33482
0.33443
0.334597
0.334694
0.334745
0.33433
0.334686
0.33463
0.334595
0.33464
0.334729
0.334554
0.334812
0.334588
0.334736
0.334776
0.334669
0.334558
0.334728
0.334236
0.334598
0.334309
0.334583
0.334649
0.334906
0.334741
0.335035
0.335034
0.334632
0.33471
0.334819
0.334733
0.334773
0.334907
0.334603
0.334765
0.334696
0.334437
0.334795
0.334896
0.33483
0.33471
0.334931
0.33476
0.334724
0.334481
0.33464
0.334579
0.334701
0.334793
0.334717
0.334673
0.33499
0.334558
0.334685
0.334446
0.334631
0.335056
0.334909
0.334708
0.334827
0.334778
0.334803
0.334495
0.335024
0.334791
0.334553
0.334942
0.334952
0.334499
0.33454
0.334283
0.334647
0.334691
0.334517
0.334877
0.334887
0.334608
0.334862
0.334307
0.334837
0.334769
0.334434
0.334724
0.335144
0.334227
0.334942
0.335037
0.334105
0.334496
0.335012
0.334605
0.334845
0.334524
0.334633
0.334758
0.334502
0.3345
0.334718
0.334838
0.334767
0.335015
0.334744
0.334823
0.334537
0.334611
0.334553
0.334897
0.334548
0.334809
0.334882
0.334568
0.334639
0.334734
0.334808
0.334881
0.334814
0.334851
0.334441
0.33429
0.334843
0.335012
0.334629
0.334781
0.334552
0.334783
0.334912
0.334677
0.334568
0.334657
0.335074
0.334307
0.335029
0.334736
0.335064
0.335155
0.334767
0.33471
0.33492
0.334706
0.334798
0.334719
0.334765
0.334595
0.33484
0.33479
0.33473
0.334466
0.33438
0.334414
0.334521
0.334455
0.3346
0.334296
0.334321
0.334443
0.33515
0.334659
0.334629
0.3346
0.334502
0.334559
0.334964
0.334638
0.334783
0.33462
0.334626
0.33462
0.334956
0.334545
0.334899
0.334874
0.33497
0.334638
0.334563
0.334672
0.334965
0.33467
0.334754
0.334853
0.334863
0.334712
0.334603
0.334984
0.334896
0.334834
0.334348
0.334724
0.334775
0.334641
0.33499
0.334631
0.334876
0.334472
0.334468
0.3347
0.335036
0.334727
0.334359
0.334854
0.334404
0.334486
0.334504
0.334254
0.335005
0.334691
0.334526
0.334493
0.334749
0.334149
0.334441
0.334636
0.334782
0.334646
0.334772
0.334899
0.334684
0.33434
0.334547
0.334798
0.334814
0.334448
0.334729
0.334627
0.334046
0.334676
0.334706
0.334513
0.334636
0.334642
0.3345
0.334793
0.334602
0.334759
0.334793
0.334594
0.334865
0.334852
0.33519
0.33463
0.334651
0.334858
0.334487
0.334589
0.334611
0.334637
0.334619
0.334834
0.334732
0.334985
0.334618
0.334583
0.334354
0.334823
0.335001
0.334503
0.334411
0.334679
0.334761
0.334673
0.334929
0.334512
0.334946
0.334726
0.33455
0.334685
0.334932
0.334634
0.334365
0.334913
0.33484
0.334551
0.334635
0.334813
0.334802
0.334944
0.334415
0.334979
0.33452
0.334696
0.334458
0.334933
0.335061
0.334724
0.334299
0.334989
0.334823
0.334481
0.334589
0.334713
0.334429
0.334843
0.334691
0.334975
0.334682
0.334347
0.334644
0.334573
0.33445
0.334892
0.334835
0.334348
0.334845
0.334718
0.334771
0.334594
0.334762
0.334461
0.334845
0.334607
0.334404
0.334544
0.335078
0.334799
0.334644
0.334761
0.334283
0.33455
0.334394
0.334716
0.334663
0.334633
0.334833
0.334672
0.334478
0.334757
0.334937
0.334927
0.334699
0.334928
0.334809
0.334715
0.334527
0.33487
0.334623
0.334472
0.334627
0.334677
0.334843
0.334797
0.335015
0.335168
0.334768
0.334519
0.33487
0.334603
0.334784
0.334433
0.334896
0.334446
0.335129
0.335009
0.334656
0.335166
0.334634
0.334892
0.334734
0.334885
0.334764
0.334579
0.334637
0.335134
0.334561
0.334612
0.334412
0.334729
0.334794
0.334737
0.33477
0.33481
0.334575
0.33446
0.334778
0.334452
0.334796
0.334763
0.334719
0.334978
0.334531
0.334777
0.334829
0.334669
0.334848
0.334512
0.33461
0.334839
0.33472
0.334484
0.334748
0.334495
0.334438
0.335028
0.334259
0.334741
0.334525
0.334371
0.33479
0.334762
0.334414
0.334646
0.334764
0.334495
0.334602
0.33461
0.334243
0.334625
0.334022
0.334474
0.334464
0.334839
0.33472
0.334586
0.334858
0.334622
0.334611
0.33469
0.334885
0.335077
0.334592
0.335594
0.334707
0.334431
0.334533
0.33494
0.335171
0.334552
0.334694
0.334589
0.334818
0.334474
0.334708
0.334808
0.334739
0.334586
0.334943
0.334552
0.334638
0.334754
0.334704
0.334695
0.334454
0.334579
0.334803
0.334729
0.334643
0.335131
0.334932
0.335043
0.334977
0.334694
0.334876
0.335148
0.334934
0.334979
0.334877
0.334724
0.334648
0.334941
0.334778
0.334668
0.334715
0.334851
0.334538
0.334633
0.334515
0.334607
0.33492
0.334552
0.334746
0.334706
0.334895
0.334527
0.334835
0.334927
0.334838
0.334897
0.335088
0.334152
0.334528
0.334525
0.334895
0.33439
0.334642
0.334399
0.335022
0.334533
0.334703
0.334951
0.334511
0.334722
0.334721
0.33418
0.334707
0.334426
0.334471
0.334974
0.334691
0.33457
0.334643
0.334765
0.334697
0.334792
0.335006
0.334559
0.33458
0.33469
0.334816
0.334636
0.334688
0.334525
0.334631
0.334626
0.335116
0.334436
0.334718
0.334854
0.334793
0.334707
0.334746
0.334586
0.334753
0.335011
0.334828
0.334692
0.334379
0.334777
0.33472
0.334265
0.334551
0.334677
0.334754
0.334825
0.334841
0.334659
0.334524
0.334417
0.334419
0.334989
0.334353
0.334644
0.334578
0.334625
0.334524
0.334649
0.334614
0.335024
0.334899
0.33483
0.334727
0.334409
0.334698
0.334734
0.334934
0.334552
0.335007
0.334391
0.33491
0.334926
0.334749
0.334779
0.334916
0.334718
0.335048
0.334969
0.334755
0.334578
0.334784
0.334551
0.334641
0.334763
0.334516
0.334823
0.334433
0.334684
0.334256
0.334827
0.334693
0.334387
0.334743
0.334313
0.334752
0.334583
0.334734
0.334617
0.335073
0.335006
0.334712
0.334253
0.334619
0.334498
0.334482
0.334674
0.334491
0.334616
0.334855
0.334276
0.334323
0.33484
0.334452
0.334105
0.334532
0.33487
0.334683
0.334843
0.334872
0.334475
0.334955
0.334675
0.334774
0.334636
0.334527
0.334698
0.334692
0.334693
0.334644
0.334728
0.334661
0.334672
0.334719
0.334597
0.334625
0.334403
0.334667
0.334854
0.334503
0.334589
0.334801
0.334444
0.33475
0.335059
0.335084
0.334788
0.334478
0.334634
0.334514
0.334817
0.334492
0.334942
0.335023
0.334866
0.334963
0.334728
0.33498
0.334712
0.335202
0.335125
0.334631
0.334965
0.334697
0.3347
0.334412
0.334776
0.334564
0.334784
0.33461
0.334604
0.33474
0.334771
0.334674
0.334933
0.334986
0.33476
0.334678
0.334751
0.334522
0.334597
0.335106
0.334682
0.334972
0.334825
0.334959
0.334522
0.334609
0.334109
0.334713
0.334749
0.334843
0.334091
0.33474
0.334892
0.334941
0.334726
0.334406
0.334562
0.334518
0.334418
0.334652
0.334944
0.334782
0.334674
0.334626
0.334402
0.33457
0.334727
0.334542
0.334604
0.334585
0.334594
0.335134
0.334621
0.334733
0.334716
0.334583
0.334766
0.334499
0.334789
0.334992
0.334307
0.334983
0.334724
0.334589
0.334525
0.334773
0.334987
0.334262
0.334752
0.334539
0.334546
0.334548
0.335073
0.334479
0.3349
0.334427
0.334551
0.33467
0.334559
0.334871
0.334417
0.334575
0.33464
0.334725
0.334436
0.334429
0.334394
0.334483
0.335025
0.334648
0.335099
0.334342
0.334362
0.334412
0.335042
0.334356
0.33503
0.334774
0.334515
0.334816
0.334739
0.334481
0.334612
0.334594
0.334444
0.33449
0.334477
0.33479
0.3345
0.334421
0.334678
0.334843
0.335025
0.334911
0.334858
0.334956
0.335033
0.334514
0.334672
0.334687
0.334403
0.335043
0.334626
0.334785
0.3348
0.33463
0.334899
0.334615
0.334427
0.33501
0.334748
0.334574
0.334337
0.334638
0.334736
0.334689
0.334599
0.3346
0.3349
0.335
0.334595
0.334865
0.334639
0.334346
0.334849
0.33457
0.334405
0.334886
0.334624
0.334869
0.334684
0.334472
0.334896
0.334801
0.334718
0.335189
0.33483
0.334793
0.334872
0.334237
0.334992
0.334666
0.334355
0.334497
0.334498
0.334538
0.334521
0.335013
0.334588
0.334835
0.334499
0.334458
0.334818
0.334705
0.334611
0.334641
0.334405
0.3347
0.335027
0.334977
0.335102
0.334615
0.334871
0.334837
0.334639
0.334485
0.334278
0.334203
0.334396
0.334313
0.334711
0.33461
0.334628
0.335002
0.334901
0.334629
0.334809
0.334417
0.334783
0.334549
0.334616
0.334825
0.335046
0.334569
0.334785
0.334886
0.335051
0.334362
0.334422
0.334489
0.334689
0.334521
0.334614
0.334898
0.334522
0.334755
0.334405
0.334944
0.334549
0.334897
0.334612
0.334906
0.33434
0.334554
0.334472
0.334795
0.33456
0.334308
0.334624
0.334648
0.334882
0.33484
0.33454
0.334868
0.334595
0.33516
0.334593
0.334531
0.334938
0.334794
0.334695
0.334822
0.334578
0.33474
0.334855
0.334779
0.334669
0.334181
0.334357
0.334808
0.334793
0.334606
0.334597
0.335013
0.334649
0.334542
0.3349
0.334984
0.334737
0.334894
0.334706
0.335024
0.335021
0.334998
0.334571
0.33445
0.33449
0.334454
0.334631
0.334847
0.33472
0.33442
0.334839
0.334758
0.334531
0.334459
0.334684
0.334363
0.334684
0.334534
0.33493
0.334518
0.334659
0.334594
0.33426
0.334499
0.334588
0.334421
0.33504
0.335018
0.334646
0.334685
0.334857
0.334625
0.334992
0.334924
0.334673
0.334389
0.33458
0.334583
0.334503
0.335144
0.334533
0.334717
0.334909
0.334255
0.334851
0.33456
0.334788
0.33421
0.3347
0.334693
0.334679
0.334824
0.334542
0.334406
0.334478
0.334675
0.334359
0.3347
0.334879
0.334799
0.334662
0.334429
0.335218
0.334676
0.33523
0.334682
0.334736
0.334616
0.334517
0.335073
0.334764
0.33454
0.334546
0.334877
0.334984
0.334819
0.334607
0.335026
0.334302
0.334876
0.334584
0.334881
0.33439
0.334538
0.335045
0.334709
0.334843
0.334797
0.334643
0.334963
0.334948
0.334473
0.334618
0.334616
0.334948
0.334864
0.33457
0.334737
0.334515
0.334469
0.334449
0.334586
0.33465
0.334634
0.334755
0.334781
0.334634
0.334684
0.334549
0.33477
0.334932
0.334819
0.334972
0.334622
0.334693
0.334665
0.334206
0.334726
0.334623
0.334825
0.334661
0.335192
0.334453
0.334838
0.334422
0.33516
0.334953
0.335099
0.334403
0.334733
0.334606
0.334644
0.335035
0.334542
0.334863
0.334587
0.334374
0.334542
0.334508
0.334459
0.334299
0.334668
0.334473
0.335131
0.335474
0.334444
0.334634
0.334438
0.334725
0.334548
0.334621
0.334659
0.335149
0.334531
0.33477
0.334976
0.334884
0.334369
0.334374
0.334792
0.334971
0.334575
0.334394
0.334731
0.334392
0.334541
0.334649
0.334762
0.33473
0.334645
0.334718
0.334634
0.334443
0.334831
0.3345
0.334779
0.335018
0.33488
0.335107
0.334817
0.335202
0.335061
0.334609
0.334275
0.334785
0.334144
0.334762
0.3347
0.334847
0.334557
0.334837
0.335064
0.335004
0.334976
0.334887
0.334955
0.334605
0.334619
0.334777
0.334371
0.334951
0.335206
0.334593
0.334862
0.334685
0.334581
0.334572
0.334582
0.334766
0.334708
0.334749
0.33454
0.334357
0.334819
0.334806
0.334378
0.335263
0.334999
0.334572
0.334664
0.334591
0.334501
0.334281
0.334786
0.334801
0.334945
0.334757
0.334522
0.334447
0.334851
0.334648
0.334378
0.334765
0.334719
0.334639
0.33455
0.334743
0.334789
0.334158
0.334417
0.334543
0.334681
0.334752
0.33459
0.334932
0.334757
0.334681
0.334645
0.334953
0.334549
0.334561
0.334485
0.334422
0.334698
0.334703
0.334581
0.33468
0.334718
0.334497
0.334821
0.334557
0.334997
0.335059
0.334602
0.334461
0.334923
0.334206
0.334651
0.334817
0.334476
0.33473
0.334429
0.335166
0.335075
0.33476
0.334472
0.334591
0.334096
0.334765
0.334523
0.334515
0.334804
0.334548
0.334582
0.335062
0.334357
0.335005
0.334637
0.334834
0.334611
0.335001
0.334568
0.334574
0.33445
0.334502
0.334639
0.334816
0.334553
0.33458
0.334729
0.334707
0.334717
0.334636
0.334781
0.334633
0.334504
0.33452
0.335037
0.334992
0.334337
0.335201
0.334491
0.334641
0.334347
0.334978
0.334903
0.334532
0.334693
0.334808
0.334376
0.33486
0.334606
0.334687
0.334526
0.334671
0.334866
0.335034
0.334695
0.33457
0.335134
0.334145
0.334397
0.335072
0.334579
0.334615
0.334494
0.334883
0.334692
0.334868
0.334803
0.334526
0.334411
0.334445
0.334347
0.334514
0.334637
0.334668
0.334765
0.334368
0.334958
0.334621
0.334885
0.334733
0.334513
0.334944
0.334562
0.33467
0.334567
0.334618
0.334839
0.335159
0.334569
0.334633
0.334718
0.334817
0.334773
0.334862
0.334444
0.334767
0.33476
0.334443
0.335121
0.334684
0.334545
0.334731
0.334886
0.33439
0.334849
0.334571
0.334766
0.334896
0.33487
0.334651
0.334991
0.334527
0.334735
0.334873
0.334635
0.33486
0.334788
0.334561
0.334661
0.334764
0.334461
0.334692
0.334959
0.33413
0.3347
0.334229
0.334885
0.334868
0.334895
0.334881
0.334561
0.334514
0.334765
0.334588
0.334552
0.334793
0.334858
0.334679
0.334917
0.334856
0.33495
0.334847
0.334221
0.334992
0.334672
0.334778
0.334629
0.334753
0.334571
0.334761
0.334525
0.335233
0.334672
0.334413
0.33453
0.334451
0.334255
0.334608
0.334718
0.335154
0.334658
0.33459
0.334426
0.334778
0.334882
0.334712
0.334696
0.33495
0.334676
0.334784
0.334641
0.334278
0.334502
0.334594
0.334821
0.334836
0.334392
0.334933
0.334918
0.334717
0.334778
0.334701
0.334429
0.334575
0.334752
0.334858
0.335013
0.334475
0.334412
0.335165
0.334741
0.334626
0.334508
0.334574
0.334685
0.334541
0.334946
0.335027
0.334687
0.334582
0.334546
0.334845
0.334662
0.33468
0.334411
0.334727
0.334701
0.334502
0.334711
0.334764
0.33486
0.334601
0.334354
0.334805
0.334384
0.334532
0.33462
0.334531
0.334585
0.334701
0.334682
0.334621
0.334825
0.334715
0.334861
0.33439
0.334995
0.334868
0.334694
0.334703
0.334685
0.334841
0.334932
0.334635
0.334902
0.334297
0.33434
0.334831
0.334628
0.335095
0.334381
0.3347
0.334607
0.334595
0.334876
0.334822
0.334445
0.334711
0.334589
0.33482
0.334732
0.33499
0.334929
0.334866
0.334573
0.334674
0.33491
0.33457
0.335013
0.334229
0.334754
0.335033
0.334703
0.334681
0.334816
0.334659
0.334777
0.334847
0.334748
0.33422
0.334818
0.334586
0.334636
0.334564
0.334528
0.334628
0.334707
0.334908
0.334824
0.334957
0.334619
0.334489
0.33466
0.33468
0.334837
0.334475
0.334382
0.334902
0.33452
0.334716
0.33476
0.335217
0.334827
0.334882
0.33476
0.335223
0.334716
0.334434
0.334768
0.334494
0.334506
0.334401
0.334729
0.334712
0.334773
0.334882
0.334476
0.334731
0.334843
0.334468
0.334732
0.33473
0.33453
0.335008
0.334402
0.335017
0.334601
0.334329
0.334733
0.334581
0.334339
0.334951
0.334992
0.334597
0.33491
0.33496
0.33501
0.334649
0.334874
0.334948
0.334851
0.334971
0.334803
0.334437
0.334903
0.334812
0.334583
0.334696
0.335013
0.334654
0.334798
0.334766
0.334743
0.334383
0.33463
0.335312
0.334764
0.334846
0.335085
0.334804
0.334649
0.334396
0.334472
0.334462
0.334925
0.334655
0.334924
0.334956
0.334619
0.334851
0.335104
0.334868
0.334823
0.334243
0.335206
0.334516
0.334633
0.334994
0.334619
0.334641
0.334302
0.334648
0.334773
0.334663
0.33478
0.33466
0.334674
0.335027
0.334626
0.33513
0.334359
0.334696
0.334561
0.335161
0.334706
0.334885
0.334968
0.33467
0.334777
0.334426
0.334603
0.335095
0.33476
0.334808
0.334152
0.334725
0.334951
0.334765
0.334521
0.334711
0.33469
0.334315
0.334869
0.334653
0.334619
0.334676
0.335047
0.334851
0.334426
0.334382
0.334308
0.334883
0.334668
0.334607
0.334571
0.334326
0.334796
0.334971
0.334729
0.334511
0.334657
0.334749
0.334476
0.335013
0.334479
0.33451
0.334731
0.335007
0.334871
0.334618
0.334718
0.334328
0.335045
0.334735
0.335022
0.334813
0.334267
0.334436
0.334995
0.334731
0.334824
0.334857
0.334992
0.334705
0.334068
0.334523
0.334731
0.334692
0.334905
0.334775
0.334785
0.334791
0.334804
0.334476
0.334717
0.335044
0.334714
0.334697
0.335131
0.33461
0.334539
0.334845
0.334406
0.33473
0.334596
0.334889
0.334773
0.33471
0.334789
0.334717
0.334576
0.334763
0.334947
0.334865
0.3348
0.334679
0.334822
0.334564
0.334586
0.33485
0.334816
0.334612
0.335055
0.334735
0.334748
0.334985
0.334549
0.33447
0.334457
0.334569
0.334425
0.334962
0.334632
0.334712
0.334422
0.334505
0.334422
0.334488
0.335282
0.334821
0.334864
0.334709
0.334415
0.334462
0.334778
0.334507
0.334664
0.33487
0.335041
0.334878
0.334896
0.334541
0.334611
0.33446
0.334262
0.334388
0.334927
0.334827
0.334654
0.335059
0.334958
0.33448
0.334983
0.33446
0.3349
0.334266
0.334875
0.334563
0.334485
0.33472
0.334482
0.334897
0.334676
0.334734
0.334564
0.334531
0.334627
0.33458
0.334888
0.334506
0.334683
0.334862
0.334826
0.33495
0.334872
0.33487
0.33477
0.334531
0.334994
0.33456
0.334465
0.334692
0.335147
0.334445
0.33478
0.334469
0.334525
0.334252
0.334674
0.33482
0.334668
0.334681
0.334402
0.334545
0.334854
0.33466
0.334671
0.335021
0.334795
0.334925
0.334517
0.334715
0.334444
0.334836
0.334697
0.334838
0.334791
0.334707
0.334589
0.334559
0.334938
0.334558
0.334935
0.334593
0.334933
0.335128
0.334662
0.334973
0.335178
0.334641
0.335226
0.33489
0.334536
0.334517
0.334523
0.334641
0.33499
0.334329
0.334984
0.334645
0.334632
0.334581
0.334713
0.33478
0.334702
0.334751
0.334212
0.334817
0.334619
0.334734
0.334578
0.334688
0.334925
0.334844
0.334836
0.334502
0.33503
0.334459
0.334649
0.334572
0.334872
0.334569
0.33433
0.334714
0.334752
0.334782
0.334509
0.335031
0.334591
0.335028
0.334467
0.334601
0.334901
0.33467
0.334869
0.335142
0.334547
0.334665
0.334816
0.334753
0.334735
0.3347
0.334565
0.334619
0.334492
0.334596
0.334591
0.334745
0.33474
0.334387
0.334987
0.334309
0.334666
0.334798
0.334542
0.334299
0.334335
0.334659
0.334277
0.334429
0.33441
0.334705
0.334576
0.334874
0.335133
0.334935
0.334586
0.334383
0.334715
0.334879
0.334864
0.33479
0.334526
0.334375
0.33453
0.334585
0.334673
0.334802
0.334445
0.334856
0.334588
0.334936
0.334612
0.334904
0.334795
0.33465
0.334664
0.33466
0.334917
0.334729
0.334753
0.334927
0.334629
0.334558
0.33481
0.33478
0.334863
0.334797
0.334655
0.335121
0.33471
0.334314
0.334245
0.334828
0.335006
0.334654
0.334582
0.334824
0.3346
0.3347
0.334607
0.3345
0.334823
0.33459
0.334507
0.334514
0.334595
0.334605
0.334264
0.334671
0.334587
0.334836
0.334459
0.334288
0.334684
0.33494
0.334736
0.334408
0.33447
0.334966
0.334522
0.334571
0.334825
0.334221
0.334845
0.334787
0.33462
0.334751
0.335092
0.334745
0.334922
0.334869
0.334684
0.334652
0.334356
0.334512
0.334776
0.334706
0.334844
0.334804
0.334352
0.334684
0.33425
0.334647
0.334654
0.334525
0.334959
0.334826
0.334306
0.334398
0.334476
0.334743
0.334846
0.33424
0.334487
0.334668
0.334617
0.334978
0.334827
0.334712
0.334942
0.334639
0.334521
0.334897
0.33482
0.334345
0.33489
0.334944
0.33412
0.334631
0.334601
0.334009
0.334804
0.334977
0.334479
0.334896
0.3348
0.334851
0.334795
0.334555
0.334531
0.334651
0.334833
0.335079
0.33397
0.334561
0.334547
0.334435
0.334571
0.334656
0.334613
0.334571
0.334421
0.334987
0.334604
0.334569
0.334519
0.334576
0.334225
0.334434
0.3346
0.335084
0.334773
0.334699
0.334656
0.334686
0.334687
0.334776
0.334267
0.334907
0.335004
0.334802
0.335042
0.334859
0.335015
0.335056
0.3343
0.334648
0.334475
0.334362
0.334675
0.334841
0.334527
0.334488
0.334446
0.334584
0.334685
0.334854
0.334079
0.334991
0.334742
0.33469
0.334607
0.334853
0.33457
0.334968
0.334946
0.33506
0.334584
0.335134
0.334344
0.334913
0.334966
0.334993
0.334483
0.334767
0.334726
0.33498
0.334927
0.334913
0.334727
0.334941
0.334579
0.334924
0.334728
0.334839
0.334593
0.334953
0.334787
0.335096
0.334922
0.334167
0.334882
0.334761
0.334933
0.334483
0.334602
0.334836
0.334518
0.334782
0.334832
0.334697
0.334526
0.33501
0.334695
0.334873
0.334766
0.334696
0.33454
0.334454
0.334612
0.334809
0.334679
0.334741
0.334539
0.334797
0.334719
0.334949
0.33487
0.33499
0.334965
0.3349
0.334588
0.334783
0.334355
0.334759
0.334645
0.335052
0.334946
0.334614
0.334467
0.33468
0.334941
0.335003
0.334833
0.334709
0.335192
0.334559
0.334254
0.334291
0.335129
0.3346
0.335015
0.334913
0.335195
0.335078
0.334667
0.334713
0.334847
0.334856
0.334785
0.334857
0.334896
0.334839
0.334793
0.33514
0.33496
0.334117
0.334796
0.334603
0.334834
0.334818
0.334622
0.334895
0.334827
0.334704
0.334693
0.3348
0.335104
0.334876
0.334671
0.334647
0.334932
0.334596
0.334712
0.334615
0.334825
0.334409
0.334427
0.334574
0.334617
0.334415
0.334665
0.335196
0.334692
0.334908
0.334746
0.33442
0.33468
0.334464
0.334661
0.334607
0.334512
0.334622
0.334604
0.334557
0.334885
0.334633
0.334606
0.335221
0.334567
0.334939
0.334828
0.334801
0.33474
0.334482
0.334827
0.33475
0.334625
0.335004
0.334667
0.334561
0.334581
0.334752
0.334752
0.334925
0.334578
0.334905
0.334551
0.334551
0.334841
0.334884
0.334702
0.334907
0.334637
0.334892
0.334725
0.334866
0.334795
0.334861
0.334689
0.334983
0.334416
0.33458
0.334564
0.334842
0.334659
0.334937
0.334779
0.334529
0.33438
0.334779
0.33472
0.334601
0.334802
0.335056
0.334827
0.334661
0.334713
0.334791
0.334515
0.334402
0.334586
0.335051
0.334779
0.334743
0.33445
0.334666
0.334927
0.334671
0.334731
0.334955
0.334705
0.334524
0.334414
0.335036
0.334457
0.334574
0.334448
0.334682
0.335002
0.334838
0.334786
0.334551
0.334745
0.334845
0.334455
0.334863
0.334468
0.33478
0.334668
0.334587
0.334795
0.33497
0.334558
0.334766
0.334513
0.334463
0.334764
0.334566
0.334954
0.335068
0.335022
0.33427
0.334709
0.334385
0.334641
0.334755
0.334746
0.334604
0.334945
0.334896
0.334824
0.334876
0.334547
0.334679
0.334828
0.334786
0.334679
0.334753
0.334481
0.334627
0.334535
0.334585
0.334809
0.334753
0.334725
0.33498
0.334894
0.334646
0.33456
0.334779
0.334846
0.334995
0.334842
0.334445
0.334418
0.334659
0.334517
0.335014
0.334954
0.334628
0.334968
0.334853
0.334724
0.334724
0.334798
0.334691
0.334994
0.334755
0.334249
0.334739
0.334343
0.334745
0.334464
0.334907
0.335027
0.334529
0.33458
0.333917
0.334909
0.334871
0.334589
0.334628
0.334818
0.334645
0.334827
0.334912
0.335105
0.334541
0.334535
0.334921
0.334526
0.334527
0.334512
0.335025
0.3348
0.334854
0.334345
0.334506
0.334747
0.334667
0.334488
0.334538
0.334783
0.334748
0.334904
0.334634
0.334686
0.334859
0.33485
0.334559
0.334654
0.334666
0.334947
0.334634
0.334914
0.334812
0.334649
0.334972
0.334592
0.334586
0.334622
0.334461
0.334756
0.334278
0.334743
0.334756
0.334711
0.334447
0.334691
0.334839
0.334868
0.334848
0.334865
0.334422
0.334842
0.334538
0.334746
0.334688
0.334942
0.334808
0.334581
0.334601
0.33467
0.334639
0.334589
0.334464
0.33476
0.334726
0.334815
0.334246
0.334705
0.334525
0.334654
0.334831
0.334674
0.334466
0.334619
0.334562
0.334427
0.334966
0.33468
0.334894
0.334261
0.334745
0.33444
0.334892
0.334534
0.334707
0.334449
0.334587
0.334515
0.334794
0.334604
0.334488
0.334909
0.334154
0.334607
0.334944
0.334923
0.334772
0.334645
0.334658
0.334828
0.334734
0.334346
0.334529
0.3346
0.335021
0.334947
0.334497
0.334956
0.335
0.334914
0.334374
0.334973
0.334706
0.334666
0.334813
0.334841
0.334962
0.334501
0.334618
0.334709
0.334838
0.334972
0.334729
0.334466
0.335166
0.334924
0.334727
0.334736
0.334842
0.334734
0.334683
0.334752
0.334684
0.334455
0.334491
0.335239
0.334959
0.334665
0.334812
0.334958
0.334783
0.334687
0.334874
0.334732
0.334886
0.335049
0.334868
0.334997
0.334512
0.334945
0.334458
0.334683
0.334583
0.334713
0.334859
0.334499
0.3349
0.334727
0.33466
0.334963
0.334635
0.334593
0.334824
0.334726
0.334883
0.335084
0.334669
0.334236
0.33468
0.334829
0.334879
0.33481
0.33455
0.334494
0.334601
0.334666
0.334633
0.334748
0.334753
0.334738
0.335262
0.334453
0.334447
0.334838
0.33475
0.33455
0.334527
0.335008
0.334851
0.334612
0.334568
0.334579
0.334536
0.334347
0.33469
0.334738
0.334905
0.334607
0.335012
0.334486
0.334569
0.33499
0.33478
0.334718
0.334331
0.334814
0.334853
0.33454
0.334688
0.334372
0.334589
0.334749
0.334548
0.33499
0.334573
0.334948
0.33474
0.334699
0.334939
0.334743
0.334769
0.334867
0.335172
0.334149
0.335114
0.334454
0.33482
0.334345
0.334531
0.334547
0.334509
0.334403
0.334741
0.334716
0.334686
0.334334
0.33503
0.334624
0.335246
0.334844
0.334779
0.334473
0.334674
0.334356
0.33486
0.334766
0.335176
0.334593
0.334471
0.334907
0.335191
0.334303
0.334742
0.334929
0.335028
0.335011
0.334875
0.335001
0.33471
0.334633
0.334724
0.334936
0.334762
0.334727
0.334851
0.334924
0.334583
0.33454
0.335013
0.334449
0.334898
0.334814
0.334491
0.334558
0.334771
0.335035
0.334612
0.334759
0.334332
0.334932
0.334816
0.334825
0.334925
0.334931
0.334755
0.334874
0.33462
0.334865
0.33465
0.334756
0.334478
0.334958
0.335148
0.334442
0.33512
0.334892
0.334847
0.33446
0.334525
0.334762
0.334459
0.33475
0.334835
0.334826
0.334569
0.334634
0.334813
0.334609
0.334592
0.335088
0.335033
0.335073
0.334546
0.334875
0.334603
0.3348
0.334895
0.335074
0.335083
0.334926
0.334522
0.334948
0.334489
0.334738
0.334742
0.33436
0.334714
0.334793
0.33476
0.334832
0.334722
0.334651
0.33459
0.334632
0.334619
0.334476
0.334659
0.334896
0.334843
0.334464
0.334175
0.334909
0.334627
0.334629
0.334877
0.334598
0.334622
0.334262
0.334929
0.334818
0.33476
0.334799
0.335036
0.334626
0.334714
0.334634
0.334742
0.334249
0.334696
0.334943
0.334637
0.33484
0.334684
0.33524
0.334615
0.334752
0.334492
0.334764
0.334644
0.334395
0.335096
0.334878
0.334791
0.334605
0.334643
0.334841
0.334532
0.334839
0.33497
0.334739
0.334777
0.334539
0.334604
0.334421
0.334583
0.334579
0.334675
0.334356
0.334688
0.334483
0.334722
0.334938
0.334463
0.334539
0.334894
0.334222
0.335265
0.33471
0.334899
0.33442
0.334709
0.334561
0.33492
0.334052
0.334726
0.335034
0.33525
0.334678
0.334777
0.334651
0.334682
0.335125
0.33458
0.334409
0.334452
0.334708
0.334703
0.335017
0.33475
0.334752
0.334525
0.334535
0.334861
0.334893
0.334735
0.334765
0.334765
0.334838
0.334565
0.334512
0.334657
0.334998
0.335252
0.335034
0.334795
0.334845
0.334693
0.334867
0.334685
0.334503
0.334637
0.334929
0.334719
0.334575
0.334642
0.334881
0.335043
0.334758
0.335241
0.335115
0.334495
0.334882
0.334571
0.334772
0.33465
0.334839
0.334521
0.334391
0.334805
0.334407
0.335173
0.334571
0.334707
0.33454
0.334669
0.334697
0.33499
0.334676
0.335034
0.334858
0.335081
0.334952
0.334228
0.334701
0.335073
0.334543
0.334931
0.3347
0.334282
0.334955
0.335089
0.334998
0.334641
0.334726
0.334692
0.334779
0.334465
0.334948
0.335202
0.334669
0.334708
0.334846
0.334879
0.334265
0.334729
0.335065
0.334713
0.334645
0.334772
0.334517
0.334559
0.334674
0.334775
0.334854
0.334826
0.334405
0.334954
0.334423
0.334477
0.334802
0.334752
0.334654
0.335212
0.334685
0.334485
0.33494
0.334829
0.334901
0.334386
0.334843
0.334727
0.334927
0.334872
0.334697
0.334335
0.334697
0.334466
0.334725
0.334828
0.334692
0.334854
0.334521
0.335148
0.334731
0.334804
0.334801
0.335005
0.334894
0.334713
0.334491
0.334658
0.334589
0.334571
0.334761
0.334748
0.334415
0.334394
0.334354
0.334643
0.334613
0.334886
0.334613
0.334579
0.335041
0.33479
0.334924
0.33499
0.334981
0.334771
0.334682
0.334924
0.334659
0.334672
0.334862
0.334665
0.33486
0.334868
0.334429
0.334902
0.334508
0.334331
0.334334
0.334415
0.335115
0.334902
0.334905
0.334842
0.334563
0.334888
0.334791
0.335074
0.33437
0.334519
0.334649
0.334309
0.335112
0.334785
0.334565
0.334616
0.334572
0.334758
0.334323
0.334759
0.335107
0.334788
0.334555
0.334559
0.334537
0.334992
0.334964
0.334731
0.33447
0.334732
0.334544
0.334267
0.335016
0.334822
0.335171
0.334647
0.334656
0.334747
0.334728
0.334947
0.334589
0.334447
0.334674
0.33462
0.334723
0.334952
0.334625
0.334942
0.334717
0.334539
0.334948
0.334659
0.334896
0.334678
0.334337
0.334815
0.33455
0.334314
0.334219
0.334432
0.33479
0.334805
0.334754
0.334987
0.334845
0.334952
0.33486
0.334911
0.334496
0.334952
0.334642
0.334399
0.334583
0.334505
0.334786
0.334567
0.334555
0.3344
0.33485
0.334555
0.334517
0.334828
0.334629
0.334563
0.334709
0.334793
0.334603
0.334735
0.334664
0.334479
0.334678
0.334835
0.334904
0.334814
0.334863
0.334968
0.334737
0.334773
0.33439
0.334594
0.334411
0.334577
0.334873
0.334924
0.334672
0.334759
0.33461
0.334163
0.334626
0.334906
0.334744
0.335059
0.335133
0.334366
0.334747
0.334609
0.33478
0.334562
0.334645
0.334851
0.334599
0.334843
0.334688
0.33437
0.334831
0.335012
0.334737
0.33445
0.334748
0.335094
0.33445
0.335065
0.33472
0.334969
0.334787
0.334653
0.334703
0.334462
0.33494
0.334623
0.334815
0.334652
0.334801
0.335018
0.334445
0.334643
0.334565
0.334633
0.334711
0.33454
0.334569
0.3348
0.33487
0.334309
0.334417
0.334742
0.334934
0.334369
0.334486
0.334691
0.334396
0.33476
0.334293
0.334499
0.3343
0.334679
0.334674
0.33477
0.334873
0.33448
0.334728
0.334358
0.334458
0.334855
0.334711
0.334668
0.334529
0.334969
0.334706
0.334627
0.335057
0.334394
0.334996
0.334632
0.334795
0.334703
0.334485
0.334936
0.334535
0.33449
0.334562
0.334843
0.334573
0.334993
0.334894
0.33469
0.334801
0.335171
0.334637
0.334626
0.334568
0.334504
0.334544
0.334699
0.334583
0.334713
0.334829
0.334927
0.334808
0.334608
0.334881
0.334842
0.334789
0.334916
0.334759
0.334825
0.334726
0.335221
0.334395
0.334682
0.334645
0.334659
0.334798
0.334767
0.334806
0.334511
0.335046
0.334971
0.334816
0.334612
0.334809
0.334604
0.334207
0.334909
0.334703
0.334626
0.334665
0.33478
0.335064
0.334948
0.334557
0.334642
0.334542
0.3349
0.334658
0.334893
0.335081
0.334766
0.334571
0.334918
0.334672
0.334462
0.334794
0.334846
0.334501
0.334685
0.334832
0.334808
0.33485
0.335208
0.334413
0.334695
0.334614
0.334854
0.334662
0.335127
0.335034
0.335202
0.334665
0.334784
0.334376
0.334818
0.334602
0.334867
0.334809
0.334728
0.334526
0.334715
0.334904
0.334658
0.334733
0.33498
0.334679
0.334634
0.33502
0.334949
0.33465
0.334571
0.334793
0.334544
0.335018
0.334666
0.334716
0.334465
0.33478
0.334423
0.335029
0.334593
0.334857
0.334683
0.334587
0.334498
0.334489
0.334882
0.334837
0.334699
0.334487
0.334682
0.334705
0.334925
0.33421
0.334724
0.334819
0.334643
0.334665
0.334973
0.334724
0.33441
0.334519
0.3348
0.334247
0.335023
0.334722
0.334367
0.334952
0.33481
0.335048
0.335207
0.334404
0.334623
0.334879
0.33443
0.334857
0.334872
0.334763
0.334876
0.334739
0.334819
0.334477
0.334906
0.33493
0.334916
0.334672
0.334601
0.334682
0.33483
0.334787
0.334295
0.334758
0.33481
0.335068
0.334811
0.33478
0.334379
0.334975
0.334815
0.334586
0.335079
0.334886
0.33483
0.334825
0.334365
0.334575
0.334776
0.334855
0.334614
0.334421
0.33448
0.335153
0.334824
0.33456
0.334828
0.334627
0.33499
0.334577
0.334777
0.334697
0.335032
0.334708
0.334574
0.334315
0.334569
0.334741
0.334509
0.334678
0.334825
0.33483
0.334585
0.334818
0.334692
0.334537
0.334437
0.334762
0.33437
0.334777
0.334725
0.334814
0.33482
0.334665
0.334518
0.334837
0.334379
0.334692
0.334742
0.334834
0.335014
0.335023
0.334879
0.334683
0.33481
0.334597
0.334555
0.334818
0.334858
0.334431
0.334561
0.33488
0.334503
0.334829
0.334765
0.334721
0.334552
0.334946
0.334483
0.334904
0.334761
0.334626
0.335096
0.33463
0.334831
0.334293
0.334728
0.334651
0.334597
0.334366
0.334346
0.334596
0.334818
0.335019
0.334677
0.33471
0.334643
0.334824
0.334554
0.335186
0.33486
0.334179
0.334518
0.334621
0.334533
0.334846
0.334813
0.335059
0.335012
0.334798
0.334659
0.334852
0.334635
0.33453
0.33482
0.334512
0.334458
0.334893
0.334637
0.334648
0.334638
0.334721
0.334823
0.334817
0.334811
0.334625
0.334923
0.334947
0.334609
0.334484
0.334415
0.334765
0.334972
0.334607
0.334561
0.335163
0.334544
0.334896
0.33451
0.334512
0.335001
0.33499
0.334433
0.334979
0.334637
0.334644
0.334368
0.334956
0.335194
0.334686
0.33519
0.334646
0.33506
0.334888
0.33486
0.334704
0.334455
0.334565
0.334693
0.334675
0.334233
0.33471
0.334851
0.335014
0.334612
0.334404
0.334833
0.334593
0.334553
0.334694
0.334816
0.334542
0.334749
0.334907
0.334303
0.334772
0.334767
0.335103
0.335176
0.334561
0.334703
0.334819
0.334664
0.334866
0.334525
0.334573
0.334598
0.334667
0.334661
0.334629
0.334464
0.334393
0.334688
0.334579
0.334509
0.334146
0.334933
0.335066
0.335037
0.334646
0.334741
0.335158
0.335035
0.334743
0.334824
0.33486
0.334758
0.334472
0.334508
0.334693
0.334883
0.334956
0.334632
0.334513
0.334578
0.334611
0.334645
0.33478
0.334661
0.334986
0.335024
0.334843
0.334503
0.334749
0.334758
0.33511
0.334451
0.334836
0.334697
0.334897
0.335004
0.334728
0.334695
0.334724
0.334577
0.334401
0.334505
0.334556
0.334736
0.334555
0.33498
0.334777
0.33479
0.335119
0.334353
0.334928
0.334603
0.334951
0.334575
0.334498
0.33459
0.334663
0.334409
0.334441
0.3348
0.334526
0.334749
0.334795
0.334561
0.334915
0.33485
0.334942
0.334908
0.334487
0.334575
0.334918
0.334587
0.334902
0.334586
0.334711
0.335071
0.334782
0.33479
0.335086
0.334225
0.334553
0.334906
0.334913
0.334969
0.334517
0.33498
0.334744
0.334613
0.334548
0.334511
0.334555
0.3344
0.335027
0.334926
0.334734
0.33484
0.334604
0.334468
0.334815
0.334641
0.334544
0.334733
0.334562
0.334656
0.334618
0.334662
0.334321
0.334681
0.334877
0.334899
0.33476
0.334835
0.334755
0.334119
0.334685
0.33469
0.335182
0.334446
0.334974
0.334679
0.33474
0.334647
0.334577
0.334577
0.334911
0.334879
0.334636
0.334385
0.334727
0.334744
0.334721
0.334651
0.334817
0.334662
0.334668
0.335082
0.334723
0.334753
0.334943
0.334896
0.334728
0.33467
0.334575
0.334522
0.334636
0.334666
0.334605
0.334868
0.334634
0.3347
0.33448
0.334953
0.334424
0.334837
0.334931
0.334628
0.33456
0.334445
0.33467
0.334874
0.334684
0.33459
0.334805
0.335077
0.334679
0.33441
0.33516
0.334928
0.33498
0.334676
0.334687
0.334949
0.334505
0.334921
0.334639
0.334763
0.335032
0.335086
0.334488
0.334636
0.335164
0.334411
0.334827
0.334503
0.335046
0.334703
0.334996
0.334427
0.334616
0.334481
0.334508
0.334578
0.33463
0.334291
0.334756
0.334801
0.33505
0.334408
0.334788
0.334761
0.334645
0.334793
0.334637
0.334837
0.334554
0.334883
0.334595
0.334421
0.334829
0.334817
0.334562
0.334671
0.334788
0.334673
0.334597
0.334479
0.334726
0.334636
0.334402
0.334831
0.334549
0.334523
0.334365
0.334469
0.334628
0.334851
0.334495
0.334541
0.335173
0.334942
0.334759
0.33445
0.335124
0.334773
0.334835
0.334996
0.334774
0.334637
0.334986
0.334815
0.334764
0.334928
0.334473
0.334399
0.334407
0.334837
0.334591
0.334979
0.334561
0.334589
0.33444
0.334822
0.334795
0.334639
0.334687
0.334675
0.335224
0.334542
0.334645
0.334568
0.334914
0.334715
0.334755
0.334817
0.334295
0.334549
0.334905
0.33463
0.334555
0.334725
0.334541
0.334738
0.334164
0.334459
0.334503
0.334554
0.334319
0.334918
0.334374
0.334863
0.334722
0.334609
0.334861
0.334668
0.334208
0.33488
0.33501
0.334977
0.334733
0.334599
0.334241
0.334589
0.335125
0.334776
0.33522
0.334569
0.334328
0.334783
0.334754
0.334586
0.335083
0.33492
0.33452
0.335054
0.334932
0.334419
0.334653
0.334689
0.334766
0.334805
0.334655
0.334927
0.334743
0.334504
0.334207
0.33499
0.335008
0.33459
0.334339
0.334731
0.334432
0.335107
0.334589
0.33484
0.334928
0.334717
0.334733
0.334733
0.334699
0.334574
0.334554
0.335003
0.334635
0.334768
0.334414
0.33458
0.334212
0.334813
0.335104
0.334845
0.334756
0.334395
0.334205
0.334754
0.334672
0.334749
0.334973
0.334841
0.334792
0.334708
0.334657
0.334657
0.334607
0.334752
0.334402
0.334336
0.334977
0.334844
0.334663
0.334626
0.334444
0.334462
0.334694
0.334683
0.334643
0.334659
0.33459
0.335067
0.334717
0.334789
0.334632
0.334832
0.334641
0.334755
0.334715
0.334809
0.334761
0.334502
0.334647
0.334324
0.334342
0.334969
0.334579
0.335024
0.33466
0.335175
0.335107
0.334558
0.33469
0.334617
0.334763
0.3346
0.334247
0.334698
0.33486
0.334975
0.334384
0.334914
0.334478
0.335142
0.334313
0.334668
0.334778
0.334784
0.334853
0.33426
0.334729
0.334744
0.334776
0.334774
0.334627
0.334787
0.334718
0.334514
0.334822
0.334532
0.335024
0.334532
0.334628
0.334765
0.334703
0.335147
0.334775
0.33416
0.334756
0.335065
0.334652
0.334669
0.334821
0.33513
0.33495
0.334233
0.334565
0.334775
0.334461
0.334667
0.334793
0.334704
0.33494
0.334508
0.334973
0.334482
0.334502
0.334685
0.33466
0.334834
0.334583
0.335069
0.334624
0.334385
0.335166
0.33437
0.334699
0.334625
0.334551
0.33445
0.335059
0.334356
0.334571
0.334777
0.334918
0.334983
0.334283
0.33442
0.334879
0.334727
0.334614
0.334339
0.334926
0.334942
0.334857
0.335214
0.334855
0.334772
0.334699
0.335021
0.334342
0.334662
0.334526
0.33487
0.334188
0.334519
0.334553
0.334869
0.335084
0.334546
0.334512
0.335066
0.335051
0.334609
0.334821
0.334341
0.33499
0.334527
0.334581
0.334535
0.334829
0.334823
0.33476
0.33459
0.334784
0.335111
0.334654
0.334503
0.334777
0.334548
0.33472
0.334466
0.334874
0.335122
0.334522
0.334659
0.33457
0.334579
0.334749
0.334353
0.33445
0.334562
0.335034
0.334552
0.334789
0.334622
0.334824
0.33481
0.334973
0.334576
0.334656
0.335007
0.334992
0.334498
0.334993
0.334559
0.334894
0.334667
0.334767
0.334648
0.334546
0.335058
0.33452
0.334849
0.334923
0.335126
0.334678
0.334645
0.334321
0.334811
0.334803
0.334862
0.334421
0.33495
0.335135
0.334519
0.334884
0.334608
0.334776
0.334526
0.334762
0.334775
0.334651
0.335043
0.334926
0.334804
0.334517
0.334652
0.334727
0.334747
0.334683
0.334597
0.334433
0.334881
0.334657
0.334639
0.335331
0.334408
0.334511
0.334741
0.334676
0.334936
0.334902
0.334815
0.334501
0.334985
0.334611
0.335003
0.334886
0.334946
0.334907
0.33481
0.33437
0.335072
0.334842
0.334618
0.334557
0.334461
0.334539
0.334628
0.334993
0.33459
0.334961
0.334919
0.334801
0.334701
0.335098
0.334698
0.334628
0.334927
0.335073
0.33478
0.334657
0.334611
0.334508
0.33479
0.33462
0.334843
0.334767
0.334685
0.334835
0.33474
0.334241
0.335012
0.334582
0.334885
0.334545
0.334615
0.334871
0.3346
0.33478
0.334962
0.334721
0.334524
0.334805
0.33495
0.33421
0.334747
0.334481
0.334924
0.334768
0.33425
0.335057
0.33449
0.334836
0.334288
0.334344
0.334611
0.335013
0.334604
0.334728
0.334568
0.335018
0.33458
0.334599
0.3345
0.334723
0.334791
0.334555
0.334945
0.334844
0.334657
0.334974
0.334976
0.334554
0.334578
0.33436
0.33464
0.334773
0.334633
0.334579
0.334298
0.334777
0.334387
0.334481
0.334739
0.334287
0.334512
0.33483
0.334721
0.334738
0.33481
0.334778
0.334824
0.334559
0.33429
0.334837
0.334623
0.334766
0.334788
0.334875
0.334459
0.334306
0.334621
0.33475
0.335142
0.334683
0.334675
0.334535
0.33512
0.334413
0.334853
0.334725
0.334657
0.334897
0.334382
0.334717
0.334585
0.334652
0.335066
0.334682
0.334432
0.334611
0.335094
0.334615
0.334874
0.334706
0.334474
0.334579
0.335057
0.334644
0.334776
0.334939
0.334794
0.334998
0.33486
0.334662
0.334829
0.334551
0.33484
0.335014
0.334753
0.335048
0.334675
0.334646
0.335036
0.334353
0.334628
0.334893
0.334418
0.334551
0.334688
0.334674
0.334905
0.334971
0.33497
0.334451
0.334473
0.334613
0.334776
0.334667
0.335007
0.33439
0.335103
0.33487
0.334791
0.334585
0.334668
0.334674
0.334547
0.334816
0.334555
0.3345
0.334455
0.334903
0.334704
0.334625
0.334524
0.33501
0.334579
0.334595
0.334671
0.334797
0.33471
0.334322
0.335099
0.334699
0.334582
0.33507
0.334892
0.334431
0.334892
0.334607
0.33468
0.334921
0.334684
0.335167
0.334683
0.334972
0.335046
0.334886
0.334986
0.33455
0.334468
0.334734
0.334766
0.334362
0.334292
0.334776
0.334757
0.33484
0.335052
0.334769
0.334374
0.334845
0.334737
0.334665
0.33478
0.33444
0.334657
0.334796
0.334629
0.334532
0.335194
0.334512
0.334662
0.334941
0.334601
0.334501
0.334636
0.334661
0.33463
0.334859
0.334634
0.334726
0.334521
0.33432
0.334949
0.334912
0.334886
0.334607
0.334732
0.334548
0.33466
0.334564
0.334773
0.334768
0.334906
0.334878
0.334616
0.334459
0.334837
0.335087
0.334414
0.334999
0.334616
0.334607
0.334232
0.335002
0.33488
0.334819
0.334828
0.334844
0.334792
0.334802
0.335034
0.334966
0.334877
0.334635
0.334738
0.33483
0.334136
0.334733
0.335003
0.3347
0.334566
0.334483
0.334798
0.334566
0.334857
0.335011
0.334602
0.33416
0.33469
0.334777
0.334202
0.33477
0.334714
0.334539
0.334811
0.334787
0.334755
0.334584
0.334808
0.334631
0.334841
0.33465
0.33439
0.334898
0.334527
0.334566
0.334729
0.335089
0.334405
0.334824
0.334877
0.334687
0.33503
0.335173
0.334808
0.334524
0.334697
0.334893
0.334473
0.334864
0.334397
0.334563
0.334708
0.33503
0.334829
0.33461
0.334416
0.335076
0.334756
0.334595
0.334911
0.334609
0.334658
0.334776
0.334687
0.334426
0.334815
0.334787
0.334628
0.334655
0.334885
0.334529
0.334599
0.334747
0.334842
0.334643
0.334749
0.335023
0.334532
0.3347
0.334643
0.334828
0.334875
0.334807
0.33479
0.334884
0.334171
0.33458
0.334718
0.334787
0.334438
0.334663
0.334679
0.335045
0.334603
0.334829
0.335148
0.334814
0.33485
0.334873
0.33452
0.334723
0.334554
0.33417
0.334445
0.334463
0.334092
0.334729
0.334529
0.334875
0.334713
0.334814
0.335114
0.334555
0.334593
0.334884
0.334122
0.334732
0.33465
0.334617
0.334654
0.334993
0.334818
0.334617
0.334519
0.334832
0.334481
0.334365
0.33449
0.335175
0.334923
0.334339
0.334683
0.334351
0.334531
0.334717
0.334858
0.334491
0.334827
0.334592
0.334783
0.334584
0.334386
0.334701
0.334884
0.334549
0.334331
0.33461
0.334739
0.334788
0.334519
0.334665
0.334822
0.334595
0.334609
0.334599
0.334737
0.334885
0.335379
0.334825
0.334481
0.33462
0.334464
0.33411
0.334664
0.334388
0.334765
0.334965
0.334843
0.334963
0.334488
0.334582
0.334682
0.334957
0.334428
0.33447
0.334674
0.335053
0.334617
0.334676
0.334888
0.334915
0.334729
0.335063
0.335121
0.334228
0.334718
0.334741
0.334622
0.33464
0.334642
0.334524
0.334525
0.334785
0.334768
0.334423
0.334747
0.334778
0.334764
0.33465
0.334194
0.33466
0.334363
0.334809
0.334711
0.334791
0.33448
0.334384
0.334734
0.33485
0.334245
0.334741
0.334872
0.33467
0.334612
0.334874
0.334668
0.334614
0.334413
0.334827
0.334606
0.33484
0.334576
0.334507
0.334559
0.334718
0.334055
0.334925
0.334792
0.334989
0.334756
0.334611
0.334771
0.334709
0.334323
0.334659
0.334684
0.335162
0.334749
0.334714
0.334609
0.334963
0.334918
0.334693
0.335
0.334438
0.334549
0.334335
0.334699
0.334576
0.334626
0.334725
0.334462
0.334297
0.334895
0.334632
0.334515
0.334759
0.334829
0.334943
0.334608
0.334788
0.335148
0.33475
0.334685
0.334519
0.33467
0.334335
0.334904
0.334766
0.334199
0.335093
0.334496
0.334736
0.335055
0.334817
0.334841
0.334629
0.334856
0.334677
0.334789
0.334147
0.334735
0.334909
0.334447
0.334486
0.33484
0.334778
0.334782
0.335034
0.334863
0.334681
0.335153
0.33494
0.334453
0.334336
0.334721
0.33461
0.334748
0.334986
0.334705
0.334834
0.334989
0.334927
0.334669
0.334405
0.334736
0.334857
0.33472
0.334425
0.334652
0.334743
0.334668
0.33416
0.334697
0.334587
0.334489
0.334546
0.334306
0.334711
0.334775
0.334868
0.334344
0.334425
0.334567
0.334823
0.334649
0.334913
0.334567
0.334859
0.334971
0.334482
0.33462
0.334707
0.334808
0.33462
0.334753
0.334644
0.334723
0.334879
0.334648
0.334359
0.334796
0.335028
0.334737
0.335019
0.334792
0.334652
0.334833
0.334804
0.334441
0.334831
0.334888
0.334536
0.334437
0.334392
0.33497
0.334628
0.334733
0.334585
0.334378
0.334451
0.334873
0.334486
0.334491
0.33474
0.334747
0.334624
0.334197
0.334666
0.334614
0.334549
0.334611
0.334578
0.334727
0.334568
0.334836
0.33445
0.334757
0.335181
0.334576
0.334907
0.334777
0.334685
0.334742
0.334707
0.334304
0.334575
0.334403
0.334924
0.334545
0.335221
0.334801
0.33436
0.334342
0.334403
0.334743
0.334866
0.334927
0.334496
0.334605
0.334732
0.335144
0.334662
0.33476
0.334488
0.33496
0.334988
0.334798
0.334891
0.334372
0.33448
0.334549
0.334714
0.335065
0.334563
0.334671
0.334635
0.33481
0.334792
0.334636
0.334754
0.334663
0.33478
0.334604
0.334779
0.334754
0.334364
0.334873
0.334879
0.335074
0.334748
0.334644
0.334681
0.334734
0.334904
0.334672
0.334674
0.334971
0.334673
0.335374
0.334645
0.33503
0.334756
0.334689
0.334743
0.334983
0.33497
0.334757
0.334661
0.33489
0.335065
0.334855
0.33505
0.334618
0.334462
0.334573
0.334852
0.334587
0.334801
0.334704
0.334748
0.33461
0.334773
0.33499
0.334649
0.334486
0.334824
0.334569
0.335101
0.334276
0.334888
0.334794
0.334881
0.334625
0.334867
0.334616
0.334648
0.334564
0.334424
0.334721
0.334673
0.334959
0.334607
0.334866
0.334329
0.335051
0.334857
0.334652
0.334659
0.334876
0.334907
0.334624
0.33453
0.335022
0.335233
0.334644
0.334956
0.334724
0.335074
0.33454
0.334693
0.334717
0.335074
0.334593
0.334959
0.334494
0.334612
0.334941
0.334645
0.334936
0.334986
0.33482
0.33472
0.335058
0.33443
0.334828
0.335241
0.334958
0.334645
0.335343
0.334833
0.334552
0.334535
0.334193
0.334395
0.335166
0.334655
0.334685
0.334449
0.334937
0.334728
0.334713
0.334581
0.334665
0.33445
0.334459
0.334855
0.334481
0.334756
0.334818
0.334548
0.334487
0.33466
0.334386
0.334486
0.334469
0.334512
0.334822
0.334305
0.334864
0.334494
0.334742
0.334936
0.334469
0.334897
0.334319
0.334719
0.334813
0.334867
0.334676
0.334864
0.33488
0.334684
0.334439
0.334719
0.334444
0.334545
0.334825
0.334499
0.334449
0.334979
0.334534
0.334527
0.334716
0.334852
0.334776
0.334758
0.334934
0.334687
0.334622
0.33458
0.334499
0.33487
0.335148
0.334742
0.334793
0.334846
0.334497
0.334564
0.334613
0.334761
0.334775
0.33461
0.334466
0.334701
0.334333
0.334834
0.334564
0.334814
0.335181
0.334313
0.334967
0.334899
0.334957
0.334665
0.334755
0.334409
0.334801
0.33492
0.334419
0.334361
0.334522
0.334718
0.334804
0.334796
0.33445
0.334822
0.334529
0.334933
0.334597
0.334945
0.334486
0.334915
0.334935
0.334692
0.334578
0.33499
0.335046
0.334634
0.33449
0.334519
0.334863
0.334295
0.335051
0.335133
0.334764
0.334522
0.334461
0.334504
0.334722
0.334218
0.335111
0.334806
0.334646
0.334518
0.334663
0.334619
0.334346
0.334509
0.334854
0.33451
0.334926
0.334677
0.334313
0.334731
0.335176
0.334717
0.334739
0.334621
0.334822
0.33481
0.334717
0.334529
0.334728
0.334778
0.334795
0.334728
0.334122
0.334534
0.335062
0.334789
0.334722
0.334581
0.334376
0.334986
0.334951
0.335039
0.335002
0.334443
0.335084
0.334888
0.3344
0.33457
0.33492
0.335102
0.334998
0.334882
0.334569
0.334999
0.335174
0.335134
0.335168
0.33494
0.3346
0.334608
0.33491
0.334566
0.334652
0.334374
0.335056
0.334773
0.334471
0.334794
0.334732
0.334283
0.334815
0.334677
0.334708
0.334645
0.334816
0.334662
0.335133
0.334625
0.334881
0.334618
0.334627
0.334955
0.334443
0.334554
0.334639
0.334728
0.334753
0.335041
0.334463
0.334876
0.334658
0.334535
0.33474
0.334637
0.334545
0.334275
0.334697
0.334721
0.33483
0.334725
0.335361
0.334953
0.335007
0.33465
0.334331
0.334718
0.334771
0.334522
0.334503
0.334613
0.334479
0.334824
0.334594
0.334444
0.334627
0.334453
0.334598
0.334676
0.334716
0.334406
0.334848
0.334816
0.334554
0.335001
0.334551
0.335026
0.334435
0.33456
0.33517
0.334669
0.334793
0.334306
0.335034
0.334599
0.334817
0.334775
0.334668
0.334833
0.334445
0.334521
0.334956
0.334631
0.335321
0.334824
0.334817
0.33473
0.334399
0.335118
0.33486
0.334497
0.334711
0.334409
0.334721
0.334178
0.334979
0.335022
0.334973
0.334569
0.334329
0.334859
0.334457
0.33514
0.33485
0.334866
0.334932
0.334561
0.334443
0.334666
0.334222
0.33493
0.334457
0.334714
0.334533
0.334838
0.334354
0.335184
0.334713
0.334593
0.334831
0.335236
0.334497
0.334737
0.334945
0.334764
0.334605
0.334736
0.335025
0.33481
0.334795
0.334322
0.334901
0.334607
0.334775
0.334882
0.334437
0.335057
0.334767
0.335315
0.335154
0.334646
0.334534
0.334869
0.334391
0.334776
0.334871
0.334701
0.334619
0.334684
0.334869
0.334528
0.334576
0.334723
0.334787
0.334531
0.334709
0.334661
0.334962
0.334343
0.334917
0.334777
0.334387
0.334671
0.334784
0.334796
0.335008
0.334734
0.334816
0.334848
0.334553
0.33478
0.33468
0.334516
0.335231
0.334401
0.334689
0.334752
0.33475
0.334491
0.334934
0.334865
0.335035
0.334879
0.334639
0.334663
0.335079
0.334813
0.33482
0.334742
0.334654
0.334667
0.334523
0.334264
0.335048
0.334511
0.334536
0.334617
0.334748
0.334836
0.334791
0.334814
0.334427
0.334585
0.334542
0.334358
0.33466
0.334823
0.334762
0.334601
0.334629
0.334293
0.334631
0.334942
0.334441
0.334642
0.33477
0.334624
0.334563
0.334752
0.334468
0.335125
0.334721
0.334266
0.334201
0.335063
0.334821
0.334701
0.33474
0.334377
0.33447
0.334358
0.334736
0.33451
0.334406
0.334709
0.334714
0.33468
0.33501
0.335158
0.334578
0.334895
0.334614
0.334989
0.33443
0.334739
0.334795
0.334658
0.334833
0.334496
0.334815
0.334526
0.334725
0.33481
0.334565
0.335127
0.334335
0.334569
0.334588
0.334556
0.334685
0.334323
0.334954
0.334618
0.33492
0.334652
0.334856
0.335086
0.334483
0.334818
0.334742
0.334413
0.334962
0.334587
0.334215
0.334832
0.334699
0.334455
0.335013
0.334512
0.334589
0.335048
0.334383
0.334647
0.33447
0.334484
0.334892
0.334765
0.334729
0.334457
0.335199
0.334766
0.334435
0.334523
0.33461
0.334644
0.334372
0.334678
0.334653
0.334562
0.334934
0.334575
0.334522
0.334755
0.334685
0.334948
0.334777
0.334397
0.334594
0.334595
0.334545
0.334367
0.334314
0.334984
0.334841
0.334526
0.334659
0.334689
0.334684
0.334822
0.334715
0.334918
0.334679
0.334716
0.334725
0.335099
0.334388
0.334882
0.334793
0.334468
0.335106
0.334562
0.334876
0.334821
0.334653
0.334628
0.33446
0.334814
0.335091
0.334943
0.334539
0.334792
0.334909
0.334657
0.3342
0.334664
0.334679
0.334917
0.334786
0.334574
0.335066
0.334805
0.334935
0.335044
0.334695
0.334921
0.334593
0.334502
0.334624
0.334893
0.334765
0.334871
0.334753
0.33474
0.335033
0.334905
0.334708
0.334451
0.33467
0.334541
0.334621
0.335129
0.334945
0.334522
0.335237
0.335059
0.334456
0.334409
0.334691
0.334626
0.334762
0.334692
0.334393
0.33478
0.334335
0.334725
0.334809
0.334473
0.33459
0.334513
0.334456
0.334884
0.334319
0.334699
0.334748
0.33491
0.334698
0.334643
0.334719
0.334825
0.33492
0.334683
0.334908
0.335034
0.334473
0.334914
0.334701
0.334762
0.334847
0.334565
0.334824
0.334643
0.334562
0.334986
0.334653
0.334972
0.334367
0.335059
0.33431
0.334822
0.334589
0.334457
0.33447
0.334455
0.334774
0.334677
0.334666
0.334498
0.33499
0.335003
0.334731
0.33481
0.334637
0.334704
0.334746
0.334798
0.334325
0.33485
0.334997
0.334915
0.334509
0.334808
0.33445
0.334522
0.334396
0.334592
0.335225
0.334366
0.335172
0.334381
0.334869
0.334699
0.334855
0.334801
0.334422
0.334637
0.334398
0.334558
0.334788
0.334421
0.334684
0.334631
0.334651
0.334164
0.3346
0.334757
0.334684
0.334419
0.334557
0.33481
0.335262
0.334858
0.334809
0.334397
0.33485
0.334927
0.335143
0.334712
0.334385
0.334644
0.334781
0.334828
0.334498
0.33445
0.334376
0.335117
0.334542
0.334528
0.334494
0.334713
0.334067
0.334759
0.334508
0.334561
0.334482
0.335002
0.334565
0.334967
0.334853
0.334375
0.33492
0.334651
0.335052
0.334606
0.334389
0.335058
0.334418
0.33434
0.334758
0.33475
0.3347
0.334646
0.334841
0.334699
0.334712
0.334728
0.334597
0.334679
0.334701
0.334562
0.334616
0.334481
0.334569
0.334737
0.334472
0.33486
0.334787
0.335018
0.334731
0.33462
0.334628
0.334598
0.334987
0.335182
0.334662
0.33461
0.334455
0.334634
0.334665
0.334821
0.334807
0.334631
0.334572
0.334605
0.334443
0.334603
0.334598
0.334633
0.334549
0.334589
0.334698
0.334723
0.33464
0.334458
0.334584
0.334645
0.334534
0.334858
0.334444
0.334714
0.334793
0.334896
0.334871
0.334763
0.334883
0.334659
0.334707
0.334126
0.33469
0.334574
0.334528
0.335112
0.33473
0.33477
0.334613
0.335068
0.334956
0.335108
0.334951
0.334901
0.334452
0.334605
0.33463
0.334852
0.334673
0.334861
0.334776
0.334654
0.334614
0.335034
0.334715
0.334741
0.334763
0.334954
0.335045
0.335313
0.334923
0.334838
0.334471
0.334674
0.334532
0.334599
0.335036
0.334654
0.334906
0.334658
0.334341
0.335231
0.334647
0.334617
0.334533
0.334572
0.334698
0.33434
0.334974
0.334987
0.33455
0.334427
0.334896
0.33472
0.334317
0.33505
0.334575
0.334677
0.334456
0.334632
0.334973
0.334853
0.334668
0.334454
0.334666
0.33507
0.334894
0.334346
0.334673
0.334324
0.334836
0.334762
0.33465
0.334486
0.334576
0.334621
0.335196
0.334526
0.334392
0.334356
0.334497
0.335014
0.334742
0.334519
0.33453
0.334537
0.334824
0.334667
0.334467
0.33462
0.334905
0.334661
0.334788
0.335297
0.334822
0.334353
0.334588
0.33449
0.334921
0.33451
0.334528
0.335057
