0.273616
0.286827
0.30797
0.337647
0.360422
0.370055
0.277294
0.306854
0.323711
0.27589
0.287297
0.335235
0.348681
0.350534
0.306534
0.320223
0.259565
0.40872
0.316208
0.31075
0.312983
0.243404
0.265946
0.299989
0.299503
0.321996
0.294856
0.266313
0.347893
0.257964
0.211523
0.268842
0.275958
0.268466
0.274868
0.329345
0.354328
0.302025
0.355491
0.284167
0.297766
0.286646
0.356428
0.278088
0.296812
0.291949
0.273409
0.310508
0.360447
0.333608
0.339704
0.293049
0.289898
0.28307
0.330082
0.295099
0.311791
0.337725
0.251519
0.291525
0.229134
0.272518
0.298686
0.347651
0.3573
0.265617
0.323747
0.33218
0.321681
0.340395
0.308924
0.331717
0.323115
0.322662
0.346116
0.314066
0.306571
0.218523
0.323107
0.22842
0.32139
0.276089
0.284994
0.33751
0.250293
0.335451
0.334387
0.345781
0.343716
0.26561
0.266986
0.342261
0.32532
0.325301
0.354153
0.28706
0.309539
0.350091
0.29149
0.261147
0.315445
0.325862
0.300555
0.323238
0.278729
0.269539
0.328479
0.269774
0.314229
0.352529
0.352429
0.310111
0.313168
0.242798
0.253241
0.241356
0.292697
0.335394
0.300185
0.351147
0.260038
0.342577
0.342254
0.278044
0.246915
0.285736
0.297989
0.350607
0.224078
0.286291
0.221795
0.326154
0.300407
0.288902
0.320413
0.366015
0.323292
0.290534
0.295916
0.213059
0.337578
0.337275
0.336699
0.325127
0.297566
0.19201
0.340236
0.328955
0.37286
0.216148
0.304856
0.249356
0.31913
0.330839
0.26922
0.315009
0.383924
0.308382
0.228511
0.312045
0.286064
0.338109
0.274282
0.220284
0.169507
0.266594
0.261343
0.231996
0.331109
0.286195
0.303388
0.352255
0.235769
0.283156
0.300432
0.373141
0.313042
0.210454
0.288535
0.299246
0.296242
0.343123
0.308531
0.317919
0.331703
0.3255
0.314494
0.184036
0.331552
0.37072
0.261869
0.282965
0.281213
0.234747
0.35192
0.272441
0.27978
0.325692
0.207104
0.312998
0.306168
0.24416
0.308393
0.278443
0.331538
0.260124
0.341047
0.335288
0.255182
0.271073
0.370609
0.274328
0.277766
0.28702
0.378427
0.334114
0.295177
0.344713
0.364701
0.338067
0.308855
0.274041
0.257703
0.308498
0.315229
0.289548
0.357701
0.29055
0.382743
0.33265
0.343852
0.303318
0.25571
0.347044
0.291822
0.25836
0.334785
0.328591
0.282998
0.280728
0.312271
0.261144
0.327377
0.349285
0.306931
0.312885
0.317137
0.251905
0.297974
0.275738
0.336846
0.311155
0.314791
0.330301
0.360091
0.346073
0.281759
0.362105
0.278685
0.359744
0.271686
0.363893
0.288766
0.366954
0.286292
0.249739
0.252049
0.301157
0.230175
0.348787
0.305841
0.340669
0.26767
0.242683
0.348601
0.303051
0.316329
0.320694
0.300101
0.276431
0.310692
0.373575
0.300137
0.321452
0.334839
0.284653
0.300278
0.371578
0.355075
0.307668
0.326383
0.2544
0.28375
0.336655
0.328101
0.351038
0.185845
0.355395
0.328208
0.312397
0.367985
0.255224
0.244938
0.302942
0.331354
0.311128
0.312165
0.31502
0.373986
0.342187
0.337668
0.372801
0.355627
0.401416
0.284155
0.217293
0.297407
0.288284
0.300627
0.208887
0.303684
0.318234
0.243105
0.342134
0.263088
0.287492
0.331995
0.282605
0.273319
0.338167
0.244133
0.278631
0.368582
0.315042
0.354629
0.350774
0.307787
0.325852
0.199265
0.321091
0.358878
0.327086
0.301939
0.313123
0.387274
0.30925
0.353532
0.263021
0.266318
0.279122
0.335587
0.354779
0.230466
0.307962
0.358444
0.277034
0.295019
0.347496
0.35993
0.317521
0.325511
0.311889
0.318173
0.357341
0.296539
0.257085
0.248588
0.338676
0.270426
0.157236
0.344561
0.315964
0.306982
0.30755
0.289443
0.338673
0.274767
0.310184
0.339948
0.291181
0.271434
0.335676
0.340125
0.405384
0.298473
0.316719
0.317072
0.297421
0.310941
0.303103
0.333519
0.277205
0.320649
0.282747
0.323207
0.367776
0.29259
0.335921
0.318412
0.325053
0.284012
0.337592
0.340862
0.337808
0.265595
0.304575
0.214471
0.307814
0.301385
0.234049
0.367476
0.371913
0.337451
0.344346
0.268466
0.306642
0.300995
0.300782
0.280627
0.292592
0.276732
0.346136
0.330095
0.353823
0.256262
0.234963
0.339576
0.225268
0.322291
0.364855
0.333317
0.278509
0.283324
0.301333
0.324254
0.28066
0.394029
0.377584
0.356554
0.334718
0.274987
0.319451
0.331385
0.315827
0.264039
0.224915
0.254723
0.286918
0.347612
0.26731
0.289006
0.284241
0.313834
0.311287
0.2731
0.365168
0.319273
0.347627
0.265048
0.317716
0.316338
0.408906
0.24254
0.320405
0.343968
0.270517
0.288218
0.348099
0.246766
0.3461
0.278534
0.334176
0.382783
0.271057
0.251403
0.280816
0.333027
0.364634
0.198779
0.344025
0.267272
0.267026
0.356251
0.310615
0.375364
0.371326
0.372523
0.303968
0.369828
0.307818
0.360023
0.289652
0.326866
0.339429
0.36586
0.277156
0.368699
0.232861
0.261549
0.305363
0.25887
0.379831
0.341569
0.373477
0.320467
0.359112
0.288085
0.226201
0.301575
0.307387
0.324488
0.352801
0.316816
0.256284
0.312098
0.254224
0.26713
0.293595
0.341479
0.29999
0.324055
0.29674
0.314805
0.318512
0.335859
0.298737
0.299082
0.312282
0.275767
0.282456
0.256485
0.310414
0.351061
0.31906
0.324801
0.305639
0.269833
0.358072
0.37346
0.289118
0.339018
0.31726
0.328691
0.242497
0.292761
0.21458
0.313588
0.240617
0.316664
0.347853
0.360967
0.274845
0.266435
0.320684
0.230792
0.336841
0.340512
0.355967
0.219941
0.319239
0.253082
0.31075
0.315815
0.26469
0.350808
0.304602
0.312145
0.350646
0.269385
0.374651
0.308999
0.327168
0.319791
0.291506
0.249336
0.351509
0.251461
0.37558
0.349222
0.320133
0.316025
0.263368
0.314148
0.318313
0.383094
0.272963
0.254336
0.309101
0.325925
0.297922
0.286362
0.342782
0.344302
0.365004
0.320109
0.34435
0.295335
0.30942
0.331251
0.325691
0.305474
0.248426
0.363131
0.305051
0.283989
0.318807
0.222075
0.335686
0.290005
0.277448
0.30452
0.317754
0.235502
0.268387
0.30935
0.330003
0.319602
0.286434
0.26394
0.29225
0.286292
0.331235
0.313514
0.301804
0.347107
0.256909
0.259439
0.364334
0.366607
0.341338
0.295966
0.315183
0.277146
0.328984
0.313194
0.3109
0.315937
0.307775
0.335363
0.282133
0.296193
0.338759
0.315002
0.310585
0.336991
0.374976
0.33234
0.315112
0.318437
0.244171
0.346918
0.32948
0.349818
0.331959
0.200269
0.303512
0.349712
0.368144
0.241461
0.309667
0.327636
0.352905
0.362804
0.325373
0.287897
0.322554
0.26727
0.348511
0.341528
0.257115
0.323632
0.328226
0.29768
0.304013
0.283457
0.366934
0.300059
0.3981
0.333563
0.265633
0.248462
0.321088
0.283013
0.235775
0.307995
0.366639
0.276914
0.320674
0.330739
0.282035
0.36266
0.31768
0.271783
0.308281
0.319383
0.35053
0.322257
0.343071
0.28257
0.32195
0.321564
0.279571
0.281587
0.290615
0.313262
0.318366
0.380654
0.241164
0.278991
0.276068
0.300911
0.282194
0.349772
0.314494
0.324808
0.312649
0.328373
0.244894
0.29892
0.321574
0.240777
0.276675
0.32916
0.275208
0.373853
0.284458
0.267292
0.28822
0.275348
0.369126
0.275871
0.320342
0.288452
0.254206
0.299424
0.267192
0.249782
0.324929
0.287992
0.378276
0.307119
0.284198
0.390348
0.363577
0.291059
0.351183
0.378612
0.304048
0.252306
0.285219
0.282487
0.338801
0.245345
0.30232
0.294448
0.325001
0.344154
0.268112
0.293299
0.324781
0.310047
0.320987
0.298946
0.255456
0.302472
0.305845
0.349357
0.294581
0.342362
0.378621
0.273652
0.275664
0.338549
0.219673
0.331902
0.297961
0.301865
0.3298
0.193853
0.363186
0.28688
0.339322
0.286272
0.29845
0.363569
0.315479
0.365464
0.348203
0.30292
0.299326
0.390008
0.257365
0.316327
0.336831
0.33473
0.364732
0.297395
0.314673
0.323155
0.274782
0.309256
0.350199
0.261096
0.342714
0.227806
0.26955
0.338952
0.35457
0.308703
0.328398
0.287491
0.288431
0.351324
0.24615
0.309623
0.347198
0.338964
0.30805
0.299533
0.33385
0.243131
0.351809
0.249879
0.282786
0.344193
0.326758
0.346237
0.309915
0.372482
0.18548
0.31242
0.284273
0.3027
0.351894
0.370768
0.221997
0.256546
0.338531
0.332221
0.186536
0.297481
0.302577
0.313748
0.362121
0.332038
0.29885
0.309735
0.374734
0.265243
0.33277
0.31206
0.288103
0.310823
0.268907
0.357826
0.247048
0.302176
0.337954
0.241049
0.242916
0.272438
0.319147
0.33319
0.270529
0.305596
0.324188
0.323979
0.327461
0.206898
0.264114
0.357213
0.291962
0.283249
0.318471
0.319196
0.296357
0.283857
0.286306
0.257416
0.277674
0.274619
0.385296
0.2886
0.314898
0.318752
0.310082
0.334383
0.317329
0.293416
0.33479
0.387805
0.23914
0.267913
0.35001
0.25305
0.29747
0.292131
0.325954
0.270894
0.323198
0.343241
0.329987
0.316215
0.256361
0.287395
0.339777
0.257107
0.23334
0.295526
0.350503
0.194046
0.319936
0.334086
0.276767
0.309291
0.295136
0.278323
0.241474
0.364222
0.297124
0.285441
0.384408
0.266716
0.250189
0.314909
0.300811
0.296621
0.300361
0.302035
0.323434
0.348367
0.276953
0.313436
0.268516
0.340646
0.282207
0.274285
0.258988
0.285078
0.379371
0.332212
0.316379
0.297265
0.27369
0.252459
0.265056
0.326339
0.280044
0.336589
0.361077
0.188101
0.282011
0.334913
0.313267
0.365805
0.294303
0.317917
0.262748
0.333532
0.332864
0.324431
0.321371
0.266618
0.314424
0.307562
0.261238
0.314724
0.343317
0.270694
0.369487
0.312812
0.306633
0.242969
0.273074
0.29747
0.295884
0.269077
0.343849
0.312929
0.291688
0.298664
0.288395
0.21243
0.274938
0.361673
0.355713
0.334118
0.314746
0.311393
0.318265
0.331161
0.343649
0.325417
0.302206
0.376333
0.344161
0.346197
0.306712
0.314322
0.257167
0.284509
0.322294
0.306167
0.330319
0.334038
0.248192
0.280607
0.306113
0.264391
0.315319
0.339213
0.310015
0.254811
0.285523
0.312184
0.243825
0.352636
0.311153
0.302514
0.317577
0.292108
0.359517
0.218859
0.164497
0.335883
0.283102
0.296628
0.247475
0.315666
0.355457
0.298007
0.279521
0.320119
0.296851
0.223679
0.379105
0.306681
0.328669
0.324223
0.345045
0.287462
0.304743
0.348878
0.323774
0.3153
0.325706
0.306053
0.348477
0.354939
0.305617
0.250494
0.25312
0.315778
0.249484
0.253196
0.274995
0.333671
0.311112
0.355085
0.267497
0.282962
0.321835
0.298275
0.307657
0.28812
0.306141
0.310176
0.299477
0.344358
0.285933
0.310083
0.248554
0.251412
0.318553
0.292836
0.263015
0.309573
0.261575
0.354105
0.264867
0.353405
0.2945
0.330274
0.28878
0.340716
0.313872
0.283824
0.278086
0.19915
0.325123
0.317584
0.314047
0.327776
0.328506
0.26596
0.289674
0.327925
0.294824
0.339819
0.290193
0.298182
0.217373
0.326865
0.369006
0.304372
0.216488
0.309448
0.339899
0.317365
0.2617
0.299982
0.30724
0.288744
0.3171
0.306998
0.272007
0.288368
0.386253
0.329287
0.341253
0.303628
0.250474
0.305207
0.29894
0.32497
0.374129
0.280211
0.305311
0.312113
0.308991
0.339139
0.288077
0.354541
0.37446
0.330325
0.258083
0.311627
0.344634
0.340842
0.32772
0.354731
0.316026
0.323255
0.294711
0.287813
0.287487
0.275226
0.274026
0.332566
0.297686
0.308938
0.275779
0.339537
0.314873
0.34582
0.336398
0.357508
0.34382
0.366439
0.322517
0.357427
0.24504
0.331093
0.254047
0.338064
0.259405
0.303239
0.316545
0.2388
0.25526
0.287072
0.244447
0.324305
0.309763
0.327495
0.24244
0.337109
0.243754
0.342515
0.276277
0.308925
0.336273
0.328062
0.28027
0.281999
0.396893
0.262216
0.292626
0.375902
0.355002
0.349739
0.252613
0.316466
0.305203
0.266579
0.315069
0.329356
0.310174
0.26968
0.305865
0.229001
0.308676
0.325501
0.295176
0.268168
0.327905
0.330934
0.337069
0.274092
0.323168
0.312691
0.316812
0.273242
0.336299
0.321516
0.329
0.333481
0.204309
0.238715
0.250594
0.375103
0.37162
0.168758
0.325932
0.280971
0.224836
0.341535
0.227504
0.277705
0.252264
0.262801
0.351606
0.296735
0.32582
0.240786
0.183035
0.334987
0.275186
0.286425
0.304739
0.247268
0.271725
0.307269
0.287432
0.26087
0.212391
0.288085
0.274335
0.287048
0.294409
0.30957
0.298738
0.23257
0.290591
0.274639
0.264008
0.196049
0.344127
0.305874
0.366651
0.243188
0.263458
0.299809
0.269989
0.295825
0.355198
0.342728
0.294557
0.312377
0.336899
0.333785
0.247099
0.323426
0.290684
0.317735
0.378751
0.245043
0.295776
0.290894
0.29008
0.291497
0.378801
0.303921
0.284317
0.258616
0.334229
0.343149
0.292508
0.230325
0.263524
0.312738
0.358376
0.268881
0.221047
0.346048
0.2739
0.295666
0.332696
0.335435
0.290391
0.330228
0.295795
0.355604
0.308806
0.222781
0.196587
0.265105
0.241819
0.288804
0.352447
0.220768
0.283661
0.345703
0.336996
0.257976
0.327997
0.326908
0.205434
0.356015
0.28093
0.261038
0.24524
0.332328
0.354933
0.296503
0.227166
0.252304
0.276674
0.278462
0.348535
0.315895
0.308666
0.291896
0.259924
0.31642
0.363704
0.272312
0.370555
0.349467
0.300618
0.311907
0.349739
0.310044
0.385005
0.245644
0.258542
0.373922
0.229869
0.305643
0.196631
0.301092
0.356257
0.282925
0.332113
0.219688
0.307954
0.297841
0.338675
0.273074
0.332961
0.322224
0.322773
0.232664
0.290537
0.341571
0.286684
0.239153
0.236187
0.280466
0.334816
0.288435
0.261447
0.314762
0.279446
0.393311
0.262148
0.293045
0.337602
0.27978
0.309199
0.243957
0.270074
0.266753
0.337921
0.324764
0.363592
0.287679
0.339329
0.34764
0.312343
0.221087
0.270248
0.346584
0.368237
0.370101
0.317407
0.388652
0.282276
0.360305
0.340099
0.250512
0.290809
0.343399
0.278745
0.269971
0.318572
0.213485
0.240659
0.271871
0.315634
0.332752
0.279795
0.295219
0.178007
0.269598
0.261758
0.214313
0.345088
0.267535
0.304593
0.226692
0.283263
0.326132
0.33683
0.366039
0.323377
0.248111
0.269163
0.343055
0.302296
0.347394
0.305619
0.297104
0.269782
0.309349
0.35143
0.307901
0.344419
0.316037
0.247336
0.301491
0.352628
0.378854
0.329128
0.270782
0.272428
0.343281
0.347372
0.194301
0.31303
0.272822
0.322169
0.369988
0.299587
0.298521
0.299608
0.27916
0.310626
0.27001
0.247395
0.344815
0.285855
0.278012
0.321039
0.304014
0.265026
0.284793
0.324946
0.364072
0.332413
0.288682
0.281303
0.373402
0.368472
0.268889
0.354007
0.296661
0.312809
0.255261
0.346142
0.295868
0.315649
0.28304
0.295873
0.301564
0.28362
0.318673
0.223296
0.336363
0.359389
0.284175
0.371313
0.30513
0.335163
0.293077
0.35627
0.275428
0.344887
0.317142
0.229263
0.302331
0.326113
0.294984
0.330162
0.321627
0.303777
0.30378
0.342588
0.290526
0.234055
0.290243
0.32672
0.278904
0.30878
0.202998
0.348403
0.343949
0.261402
0.309466
0.303614
0.308844
0.295676
0.286777
0.290339
0.346966
0.314519
0.362378
0.252512
0.292279
0.327196
0.366355
0.337787
0.234253
0.270339
0.256031
0.30638
0.236274
0.269641
0.342876
0.301194
0.278211
0.343735
0.308263
0.271474
0.256433
0.248994
0.358517
0.206234
0.343716
0.351831
0.298149
0.29299
0.312427
0.166437
0.311438
0.257485
0.327491
0.37889
0.286046
0.263316
0.327467
0.315955
0.316295
0.3119
0.341973
0.288448
0.350342
0.315367
0.328108
0.340928
0.273219
0.251621
0.292903
0.348926
0.296654
0.246905
0.307347
0.325324
0.296889
0.311902
0.316534
0.285506
0.333053
0.262469
0.323213
0.236347
0.297163
0.310827
0.28755
0.310937
0.275373
0.213518
0.224517
0.352691
0.260444
0.377066
0.390558
0.274844
0.315998
0.341929
0.370734
0.231062
0.328688
0.263105
0.351034
0.236624
0.254732
0.250056
0.291539
0.332813
0.302284
0.3249
0.26993
0.352442
0.312201
0.315634
0.30965
0.353626
0.289892
0.283282
0.254772
0.327552
0.282238
0.296222
0.335047
0.304666
0.288547
0.348844
0.0995402
0.296439
0.264352
0.35488
0.248095
0.222637
0.330522
0.262815
0.343033
0.317741
0.363468
0.374929
0.332314
0.284529
0.222658
0.321857
0.328713
0.294396
0.323542
0.338886
0.218942
0.329643
0.258206
0.29045
0.335992
0.227812
0.229257
0.330058
0.346967
0.254415
0.271685
0.384963
0.308897
0.23788
0.339909
0.308807
0.331519
0.308499
0.222039
0.320889
0.247929
0.287594
0.30976
0.294405
0.263319
0.24823
0.287713
0.300059
0.321408
0.337769
0.328868
0.31598
0.26981
0.330772
0.314243
0.311563
0.342649
0.339318
0.359839
0.278022
0.341589
0.293709
0.287327
0.367275
0.261813
0.236932
0.235259
0.15797
0.339761
0.334602
0.308944
0.369898
0.354098
0.301858
0.294692
0.288159
0.270977
0.268921
0.341796
0.350638
0.274905
0.285018
0.296054
0.294106
0.333737
0.266989
0.277426
0.296096
0.263089
0.270528
0.311958
0.279592
0.281618
0.253379
0.286337
0.335114
0.345415
0.244855
0.29003
0.233613
0.258159
0.342237
0.32701
0.297252
0.319086
0.273154
0.288571
0.314899
0.262703
0.284881
0.281524
0.359393
0.308637
0.340704
0.301955
0.201502
0.340992
0.355
0.349321
0.349789
0.26207
0.34676
0.22532
0.299724
0.298399
0.335856
0.267127
0.248078
0.240992
0.286856
0.311675
0.206292
0.299645
0.276011
0.30859
0.300523
0.319099
0.3489
0.297078
0.261295
0.285583
0.258974
0.353673
0.324745
0.353218
0.286525
0.234765
0.363565
0.256455
0.281606
0.285434
0.251845
0.367594
0.250785
0.233806
0.242074
0.340415
0.302214
0.327802
0.33881
0.251739
0.257159
0.280991
0.264532
0.320618
0.275853
0.302863
0.262724
0.278536
0.345281
0.326286
0.267405
0.345986
0.314624
0.307667
0.317485
0.313926
0.348342
0.363201
0.256038
0.366214
0.2604
0.274856
0.34651
0.338666
0.345009
0.367715
0.234971
0.317755
0.314977
0.313706
0.316548
0.265182
0.274746
0.312653
0.259606
0.335596
0.371896
0.305776
0.319829
0.258026
0.331963
0.280207
0.315071
0.239074
0.258042
0.311777
0.24165
0.344432
0.338602
0.372483
0.242422
0.283509
0.321512
0.373828
0.33505
0.26343
0.313156
0.309441
0.305457
0.331946
0.290868
0.187945
0.335632
0.27251
0.2903
0.368192
0.328545
0.333377
0.27842
0.35577
0.330448
0.3587
0.3886
0.202183
0.28838
0.239096
0.308133
0.309593
0.353882
0.350044
0.333803
0.318521
0.309882
0.269146
0.289226
0.284485
0.23452
0.234815
0.298761
0.23102
0.25356
0.311888
0.29412
0.332846
0.298293
0.359381
0.345303
0.290924
0.362319
0.293267
0.27759
0.249183
0.335041
0.229938
0.305264
0.351682
0.32924
0.314915
0.340848
0.315721
0.315621
0.305257
0.350413
0.287813
0.303104
0.352114
0.354172
0.272088
0.28552
0.331185
0.286328
0.215321
0.142559
0.324444
0.284897
0.316284
0.330151
0.382417
0.373011
0.367139
0.331868
0.271242
0.337074
0.328516
0.325176
0.323589
0.37161
0.347112
0.301951
0.362496
0.280489
0.336392
0.376706
0.310036
0.331962
0.318805
0.282767
0.320771
0.30474
0.220827
0.341773
0.194355
0.309424
0.335389
0.265737
0.334235
0.312562
0.265704
0.309816
0.268109
0.38175
0.344784
0.330327
0.305053
0.354434
0.344821
0.29147
0.27253
0.323361
0.269094
0.324825
0.32519
0.30755
0.306051
0.319107
0.348786
0.22739
0.312321
0.332841
0.383183
0.276292
0.310319
0.257014
0.379238
0.330443
0.351264
0.284576
0.321291
0.334405
0.330656
0.272716
0.304428
0.269106
0.222233
0.33036
0.348505
0.302502
0.388017
0.343584
0.28104
0.36024
0.290058
0.332061
0.271769
0.319387
0.362882
0.240709
0.229011
0.334617
0.246
0.305892
0.29948
0.340075
0.351506
0.263552
0.253022
0.187236
0.340487
0.311619
0.20111
0.284236
0.36219
0.327129
0.296697
0.225666
0.34468
0.287949
0.279793
0.277874
0.287563
0.341355
0.285796
0.344874
0.351594
0.253456
0.28047
0.261067
0.343163
0.386148
0.324825
0.355022
0.253863
0.22868
0.276078
0.244173
0.307863
0.284853
0.260337
0.335898
0.279241
0.362996
0.347807
0.341424
0.302168
0.291069
0.276272
0.301619
0.251995
0.369495
0.293553
0.222067
0.339781
0.294393
0.230008
0.261488
0.322006
0.339745
0.258704
0.241727
0.343856
0.342832
0.332271
0.342021
0.36155
0.379548
0.265666
0.23375
0.362487
0.338392
0.264194
0.300594
0.34362
0.31336
0.364813
0.249463
0.342947
0.323439
0.276123
0.360295
0.298025
0.327548
0.17027
0.266747
0.313806
0.342948
0.369374
0.181692
0.361399
0.334332
0.336046
0.350661
0.341749
0.288732
0.30938
0.335461
0.330272
0.303613
0.280214
0.312189
0.33771
0.338414
0.304882
0.36783
0.35154
0.270589
0.190642
0.267559
0.365924
0.339588
0.308982
0.297571
0.330204
0.33946
0.291062
0.322575
0.243612
0.260352
0.218619
0.261595
0.318726
0.34218
0.196354
0.296575
0.266114
0.279951
0.315689
0.310914
0.398943
0.175065
0.256328
0.216084
0.289762
0.374889
0.357149
0.337437
0.299499
0.213238
0.302039
0.234608
0.303228
0.292353
0.291343
0.225717
0.309604
0.31282
0.354164
0.304965
0.277242
0.290823
0.314164
0.338711
0.341798
0.329476
0.259131
0.302904
0.327354
0.276654
0.352272
0.345744
0.349505
0.32484
0.255701
0.356776
0.297076
0.38978
0.273557
0.326182
0.292814
0.256242
0.376934
0.386144
0.283407
0.345306
0.217643
0.312698
0.347625
0.272505
0.319618
0.27383
0.343619
0.301735
0.29629
0.290328
0.295793
0.289336
0.233699
0.319914
0.282821
0.286702
0.288313
0.2777
0.283172
0.283913
0.298434
0.320282
0.317051
0.319793
0.274549
0.327211
0.372655
0.341952
0.285166
0.236378
0.312795
0.336166
0.28704
0.307933
0.393548
0.343538
0.224147
0.297618
0.257291
0.233766
0.322416
0.308132
0.339369
0.376652
0.310452
0.323488
0.184606
0.291883
0.314933
0.234614
0.388359
0.239852
0.32255
0.346229
0.323144
0.263836
0.281228
0.275958
0.311943
0.394928
0.237765
0.264606
0.349918
0.261913
0.327313
0.271045
0.278432
0.269646
0.347872
0.300125
0.263638
0.23731
0.290037
0.326346
0.34533
0.278744
0.261396
0.225671
0.262721
0.281558
0.319828
0.291044
0.306985
0.352985
0.356589
0.329234
0.262105
0.276011
0.319438
0.256375
0.252336
0.353915
0.340806
0.302485
0.310228
0.301048
0.328044
0.35485
0.353927
0.298178
0.348077
0.265205
0.241451
0.297461
0.279187
0.289605
0.301956
0.317187
0.33501
0.328507
0.330596
0.349798
0.30625
0.342593
0.321392
0.30556
0.337335
0.227478
0.333767
0.190488
0.302516
0.333019
0.28552
0.271768
0.319499
0.346857
0.297441
0.287324
0.31095
0.257664
0.329634
0.262968
0.327978
0.218975
0.331064
0.336129
0.306979
0.237534
0.345823
0.183457
0.322121
0.35987
0.292292
0.323016
0.315501
0.270551
0.344487
0.317775
0.326818
0.239779
0.304983
0.32393
0.29129
0.294623
0.326981
0.326193
0.339918
0.341823
0.354287
0.316088
0.344593
0.35242
0.3497
0.288902
0.241539
0.375876
0.26009
0.312013
0.285304
0.300467
0.351795
0.26184
0.296492
0.211408
0.375872
0.375923
0.303381
0.253348
0.308217
0.326371
0.341042
0.294528
0.325581
0.342356
0.300523
0.24824
0.2598
0.28943
0.281103
0.309961
0.259813
0.326879
0.275677
0.22333
0.338175
0.326222
0.247164
0.339184
0.337957
0.25091
0.3335
0.371062
0.342379
0.258111
0.287967
0.325551
0.312551
0.290493
0.323422
0.272134
0.267491
0.321869
0.31252
0.329631
0.269992
0.285547
0.341962
0.32726
0.343772
0.335987
0.313434
0.263589
0.340963
0.352108
0.335854
0.301904
0.317717
0.31968
0.325537
0.348022
0.337535
0.294355
0.294766
0.32273
0.30171
0.264381
0.392267
0.343313
0.334112
0.342987
0.35562
0.327298
0.271266
0.237195
0.277095
0.231581
0.343316
0.281589
0.323042
0.270388
0.263459
0.312404
0.327867
0.222019
0.250591
0.232925
0.224585
0.339398
0.292489
0.319271
0.230509
0.330462
0.29274
0.304025
0.262095
0.303786
0.336188
0.340769
0.26499
0.302885
0.290715
0.291876
0.305787
0.308857
0.34758
0.309472
0.346037
0.270162
0.307979
0.290301
0.305318
0.312963
0.360895
0.307476
0.233318
0.265488
0.273563
0.296064
0.292235
0.312774
0.315327
0.259108
0.263118
0.207108
0.201505
0.359394
0.247178
0.351702
0.340772
0.336747
0.386117
0.25959
0.305569
0.261757
0.343194
0.334417
0.298017
0.299506
0.313559
0.319336
0.288103
0.374959
0.329401
0.327152
0.30198
0.326503
0.400794
0.239831
0.368958
0.347549
0.311511
0.330054
0.356272
0.35231
0.245906
0.325262
0.352105
0.210235
0.322134
0.29246
0.226527
0.246144
0.272569
0.349803
0.327785
0.323269
0.341268
0.368018
0.391147
0.298796
0.274075
0.352457
0.306241
0.248948
0.236734
0.29098
0.354563
0.234703
0.334174
0.285015
0.328703
0.346416
0.292715
0.398145
0.296193
0.320062
0.272044
0.258499
0.204403
0.315434
0.236412
0.277147
0.302161
0.305966
0.289252
0.323179
0.296949
0.368568
0.335749
0.34291
0.325756
0.340191
0.285015
0.249852
0.257357
0.251818
0.292917
0.296427
0.284875
0.309193
0.281831
0.242895
0.267395
0.297355
0.348739
0.300225
0.325281
0.354496
0.344927
0.29922
0.284207
0.25746
0.334643
0.350618
0.348762
0.128326
0.340364
0.312382
0.219984
0.384653
0.28068
0.303005
0.374362
0.299258
0.330172
0.344455
0.269975
0.33047
0.305413
0.290474
0.325873
0.248488
0.323154
0.317816
0.354996
0.348408
0.259568
0.324569
0.284953
0.356231
0.331032
0.334128
0.336268
0.324642
0.314345
0.285873
0.238025
0.319277
0.274171
0.300559
0.370115
0.279137
0.298119
0.236049
0.319299
0.30711
0.360823
0.330404
0.346124
0.254736
0.327403
0.33377
0.343527
0.301789
0.298548
0.335222
0.317244
0.292319
0.329823
0.321347
0.337277
0.296815
0.260109
0.278824
0.355453
0.283401
0.248586
0.258475
0.302759
0.313228
0.24808
0.321862
0.346655
0.332577
0.275469
0.272417
0.344245
0.268314
0.319247
0.318493
0.328806
0.251896
0.311756
0.329594
0.265595
0.363441
0.283227
0.338986
0.303536
0.318301
0.332963
0.259889
0.353303
0.332169
0.315682
0.358546
0.279001
0.322474
0.326146
0.357513
0.325169
0.233813
0.289176
0.311792
0.373436
0.328118
0.349564
0.313502
0.253004
0.223545
0.353548
0.329959
0.267675
0.279812
0.366747
0.331836
0.22162
0.351385
0.189332
0.352338
0.338338
0.31289
0.28697
0.339812
0.394504
0.34847
0.28454
0.359882
0.296906
0.339487
0.322351
0.341721
0.329491
0.296729
0.323197
0.250626
0.372754
0.334279
0.285098
0.220656
0.266991
0.319481
0.336645
0.312921
0.329118
0.311289
0.314584
0.33377
0.318305
0.323975
0.296799
0.281576
0.327258
0.351334
0.321693
0.317443
0.276965
0.327364
0.273868
0.369605
0.258202
0.291269
0.273068
0.279271
0.359141
0.354415
0.302033
0.317324
0.356283
0.319996
0.274184
0.23338
0.255706
0.246224
0.291251
0.320672
0.309899
0.361988
0.294132
0.341904
0.351454
0.337305
0.271004
0.283013
0.227634
0.22616
0.356836
0.298465
0.273492
0.313282
0.309761
0.289981
0.315516
0.341813
0.285432
0.352
0.271651
0.269027
0.271769
0.270893
0.261959
0.31671
0.283495
0.25245
0.267322
0.317596
0.296846
0.294565
0.316142
0.288817
0.324548
0.295208
0.2953
0.290363
0.241122
0.257815
0.29057
0.299357
0.339683
0.356684
0.311156
0.306208
0.315741
0.356696
0.326312
0.26075
0.269535
0.314789
0.232609
0.290449
0.301309
0.345067
0.360014
0.279361
0.331704
0.367791
0.3175
0.334373
0.328895
0.309041
0.242045
0.301138
0.241033
0.389733
0.272599
0.340615
0.311525
0.292662
0.362133
0.303057
0.325183
0.294009
0.286177
0.247913
0.311848
0.227364
0.325743
0.263457
0.307426
0.220358
0.300419
0.322491
0.3893
0.334118
0.300534
0.306625
0.284371
0.259457
0.318616
0.334958
0.284886
0.29973
0.318363
0.234084
0.246964
0.314838
0.329347
0.320504
0.305163
0.368292
0.296697
0.302894
0.234761
0.388848
0.330128
0.326441
0.335106
0.277218
0.346218
0.27568
0.304218
0.229668
0.278903
0.341454
0.351919
0.342898
0.281694
0.290974
0.240022
0.363541
0.319032
0.253534
0.246929
0.336912
0.208976
0.320713
0.253668
0.212115
0.326208
0.324975
0.320632
0.292667
0.261989
0.329215
0.221501
0.312214
0.312703
0.236246
0.335026
0.292451
0.297719
0.337513
0.258031
0.304567
0.306401
0.297652
0.276374
0.381451
0.304383
0.184406
0.289431
0.33013
0.234307
0.322243
0.310472
0.319134
0.301375
0.230556
0.279851
0.281096
0.281237
0.300034
0.224679
0.317823
0.325449
0.335457
0.329596
0.381136
0.337711
0.324132
0.264
0.311582
0.292174
0.309338
0.289887
0.317199
0.287006
0.303134
0.303744
0.291621
0.291404
0.358893
0.236309
0.253004
0.354295
0.344738
0.344991
0.317259
0.284001
0.333175
0.307494
0.334387
0.280973
0.261174
0.273964
0.322911
0.238709
0.280385
0.293377
0.237448
0.355863
0.326312
0.250991
0.226223
0.301112
0.246024
0.304927
0.292935
0.299669
0.262723
0.354219
0.244694
0.292904
0.354789
0.282155
0.21933
0.325027
0.345218
0.323496
0.390661
0.355646
0.341167
0.34843
0.28726
0.35535
0.378482
0.286469
0.340227
0.366528
0.310301
0.257382
0.222003
0.339774
0.307157
0.277192
0.363822
0.29569
0.352608
0.336842
0.30749
0.243855
0.294232
0.252548
0.286275
0.258768
0.333845
0.311975
0.262817
0.266542
0.291815
0.320361
0.298233
0.353773
0.279718
0.263846
0.289619
0.3335
0.272054
0.258182
0.27881
0.34177
0.334757
0.183516
0.329502
0.286772
0.316659
0.356871
0.334127
0.326606
0.360642
0.316646
0.33251
0.325277
0.317685
0.351925
0.331406
0.325245
0.256454
0.296323
0.327924
0.362241
0.318753
0.183399
0.296094
0.272228
0.325714
0.308577
0.359144
0.356369
0.358733
0.307993
0.337486
0.291832
0.314414
0.184593
0.311658
0.264192
0.249884
0.320138
0.264158
0.205401
0.299847
0.344092
0.29091
0.292266
0.308533
0.313194
0.267368
0.283007
0.173773
0.277322
0.315621
0.310417
0.360551
0.339165
0.357829
0.240628
0.301561
0.24627
0.242811
0.339465
0.335179
0.286536
0.298236
0.290729
0.272392
0.285045
0.266806
0.307427
0.355211
0.340759
0.310924
0.368943
0.31865
0.2778
0.32263
0.322254
0.244085
0.290939
0.255222
0.30509
0.30601
0.306496
0.372194
0.309988
0.302234
0.274481
0.249956
0.304159
0.339796
0.31301
0.329534
0.278911
0.260112
0.354456
0.283217
0.282852
0.284891
0.28814
0.290251
0.246856
0.257684
0.333134
0.315766
0.268818
0.293082
0.294324
0.344563
0.300813
0.334061
0.368845
0.21656
0.302238
0.356735
0.303518
0.314996
0.286163
0.335598
0.269944
0.299458
0.350455
0.343027
0.330295
0.346164
0.31269
0.278205
0.307345
0.303383
0.378528
0.232223
0.264721
0.320247
0.315215
0.351731
0.268539
0.332471
0.311375
0.183826
0.279878
0.287591
0.311287
0.312315
0.25674
0.293398
0.358869
0.289035
0.281963
0.363453
0.357911
0.264109
0.228886
0.297591
0.346121
0.351033
0.271728
0.330641
0.373024
0.194379
0.240477
0.281459
0.311693
0.300297
0.258912
0.307514
0.233797
0.270466
0.23094
0.307697
0.256622
0.221069
0.325446
0.359284
0.275738
0.308746
0.297773
0.355414
0.262188
0.3173
0.367193
0.288969
0.246218
0.340755
0.298251
0.216822
0.275922
0.248165
0.249754
0.302296
0.329367
0.389548
0.343407
0.296343
0.409604
0.381748
0.236127
0.305948
0.275309
0.313623
0.341567
0.341253
0.345345
0.323718
0.241565
0.304556
0.32201
0.261361
0.264626
0.24208
0.323876
0.341659
0.235782
0.230464
0.336206
0.306313
0.259152
0.303768
0.310469
0.239212
0.306142
0.292094
0.277431
0.276374
0.33314
0.324995
0.292048
0.382056
0.319149
0.261388
0.276791
0.313243
0.332952
0.282168
0.199409
0.307918
0.304466
0.293202
0.292516
0.349988
0.290857
0.371459
0.294141
0.332837
0.284746
0.385358
0.269765
0.302735
0.301017
0.350886
0.322502
0.297954
0.257907
0.27779
0.351402
0.279212
0.267386
0.323288
0.312224
0.300628
0.299407
0.294415
0.342646
0.322149
0.291869
0.26091
0.340838
0.332069
0.315931
0.311565
0.354342
0.337242
0.259268
0.261832
0.36336
0.244638
0.360644
0.221938
0.302494
0.376278
0.322509
0.336892
0.287926
0.275244
0.335127
0.329921
0.303183
0.309437
0.364173
0.358132
0.311423
0.304289
0.27762
0.361445
0.252324
0.324205
0.348341
0.317164
0.323476
0.346017
0.280526
0.3184
0.279401
0.337944
0.266308
0.25983
0.250282
0.328022
0.287018
0.349507
0.320836
0.250397
0.332939
0.333596
0.383536
0.23196
0.292343
0.27277
0.244371
0.303496
0.244623
0.323284
0.239122
0.2534
0.247259
0.221577
0.334434
0.324535
0.2802
0.336615
0.292432
0.278218
0.244416
0.292977
0.377605
0.341889
0.303827
0.35212
0.200612
0.227987
0.356182
0.324829
0.324831
0.266834
0.338346
0.312172
0.239207
0.228563
0.297314
0.351039
0.319108
0.258861
0.311
0.285538
0.292878
0.330707
0.366053
0.281317
0.199788
0.282126
0.253658
0.329203
0.338547
0.324065
0.323437
0.30883
0.335519
0.35724
0.317518
0.400528
0.314281
0.270086
0.339055
0.365405
0.250887
0.32287
0.336361
0.348096
0.247293
0.29437
0.347867
0.33827
0.309952
0.283952
0.350406
0.366731
0.31981
0.368526
0.296853
0.360425
0.299171
0.241954
0.267628
0.262813
0.33606
0.261163
0.316351
0.346781
0.280227
0.322468
0.270959
0.329778
0.261914
0.333642
0.331473
0.302494
0.341513
0.281738
0.295811
0.303361
0.296303
0.290845
0.299526
0.299201
0.298337
0.261121
0.255047
0.279704
0.324781
0.210701
0.268408
0.286828
0.306304
0.22723
0.251078
0.302396
0.292312
0.312817
0.310097
0.352979
0.324773
0.30234
0.316915
0.338889
0.31516
0.217182
0.274364
0.314607
0.350265
0.377054
0.337422
0.273709
0.24132
0.209872
0.373868
0.31156
0.293744
0.309831
0.288511
0.306559
0.313978
0.356965
0.307878
0.380728
0.276078
0.350552
0.242428
0.246431
0.254802
0.338458
0.330842
0.257852
0.221917
0.310921
0.324077
0.353212
0.261106
0.276176
0.371797
0.283017
0.355236
0.296906
0.338425
0.317006
0.327268
0.297473
0.297726
0.28214
0.313112
0.263867
0.319861
0.258474
0.294824
0.285255
0.32771
0.369407
0.306691
0.332636
0.331043
0.345243
0.357408
0.335154
0.315874
0.243867
0.302956
0.227366
0.279077
0.226525
0.321206
0.277023
0.282152
0.231088
0.297075
0.371997
0.31632
0.275088
0.351307
0.322038
0.317407
0.339396
0.279186
0.303505
0.283705
0.339866
0.261843
0.31634
0.370824
0.360349
0.325567
0.303234
0.351179
0.297243
0.28174
0.330807
0.320633
0.3077
0.270001
0.299547
0.256979
0.262481
0.323953
0.355126
0.341627
0.230345
0.298
0.288286
0.259783
0.322757
0.320779
0.3125
0.355717
0.306443
0.315734
0.372144
0.247017
0.224036
0.326952
0.33958
0.295874
0.300954
0.265119
0.344384
0.292515
0.341879
0.275831
0.315253
0.323186
0.278677
0.321216
0.341624
0.274453
0.323942
0.280054
0.263611
0.330356
0.367018
0.366842
0.318117
0.334137
0.346456
0.351065
0.322047
0.362651
0.317149
0.291611
0.289264
0.296615
0.271539
0.344712
0.286341
0.256762
0.305787
0.310186
0.289168
0.246498
0.29309
0.329312
0.327226
0.280626
0.377371
0.341318
0.285412
0.348228
0.263281
0.28149
0.284146
0.337663
0.318155
0.340876
0.320699
0.321567
0.331287
0.27838
0.340968
0.223551
0.300691
0.346986
0.210139
0.289346
0.287077
0.201177
0.197987
0.315492
0.351442
0.3329
0.367819
0.194627
0.321395
0.280701
0.239321
0.345986
0.355297
0.321424
0.261633
0.327305
0.306755
0.300783
0.306531
0.302079
0.254971
0.273078
0.282097
0.351988
0.342092
0.328418
0.286121
0.265546
0.292565
0.258605
0.256925
0.27466
0.331959
0.267973
0.324075
0.31053
0.315307
0.286835
0.324642
0.264407
0.311007
0.295791
0.307282
0.322165
0.332581
0.186117
0.320946
0.335138
0.281736
0.293916
0.330392
0.319724
0.216823
0.304115
0.288494
0.349288
0.234968
0.376029
0.275504
0.215609
0.285831
0.341324
0.245986
0.305431
0.318498
0.337894
0.303079
0.318778
0.332206
0.359947
0.229843
0.335882
0.270724
0.309551
0.349415
0.310803
0.328504
0.311706
0.335436
0.336387
0.27067
0.322095
0.334702
0.368178
0.364167
0.395598
0.293673
0.356122
0.319651
0.165674
0.298801
0.313444
0.292996
0.285658
0.272335
0.339289
0.237252
0.246847
0.265775
0.304651
0.339714
0.313788
0.281516
0.347753
0.250724
0.380975
0.339678
0.2864
0.366317
0.321938
0.349974
0.394604
0.320819
0.349237
0.314934
0.313713
0.324428
0.303992
0.28273
0.40398
0.300946
0.347962
0.35975
0.336555
0.310285
0.301534
0.28852
0.2623
0.389797
0.348716
0.264377
0.299963
0.295502
0.346463
0.220239
0.311278
0.303381
0.258254
0.260728
0.3362
0.306481
0.259436
0.285989
0.229821
0.327895
0.29144
0.250703
0.234415
0.298456
0.304686
0.161889
0.33873
0.28335
0.398352
0.319489
0.284142
0.409428
0.372087
0.285715
0.313936
0.223769
0.311575
0.317216
0.274869
0.24399
0.307343
0.370383
0.303392
0.353209
0.230061
0.225291
0.330059
0.291375
0.34542
0.321518
0.244884
0.348057
0.337459
0.260186
0.321482
0.260359
0.325129
0.28921
0.225723
0.346971
0.321052
0.315938
0.261951
0.219208
0.372698
0.345421
0.211329
0.318355
0.299253
0.205955
0.330069
0.316837
0.202943
0.182962
0.173758
0.313097
0.283995
0.293469
0.368942
0.319027
0.293417
0.281978
0.336454
0.293708
0.368958
0.28255
0.334639
0.332492
0.269494
0.335124
0.232429
0.289735
0.181944
0.256497
0.295856
0.287725
0.294533
0.233435
0.347018
0.247715
0.285703
0.274418
0.248123
0.340537
0.206686
0.266143
0.225675
0.17406
0.254936
0.378535
0.286816
0.316793
0.372183
0.338364
0.390071
0.360805
0.326056
0.359384
0.367127
0.300671
0.274361
0.304795
0.373184
0.294753
0.317415
0.294778
0.36177
0.300159
0.384846
0.323694
0.365262
0.347226
0.279735
0.291861
0.31162
0.273113
0.263339
0.312182
0.320464
0.275109
0.352596
0.301861
0.341888
0.333247
0.307683
0.330959
0.300116
0.323963
0.288537
0.290198
0.400532
0.266844
0.395768
0.299289
0.355447
0.320378
0.321303
0.319352
0.345115
0.266464
0.331542
0.283221
0.361718
0.328051
0.337404
0.327449
0.287252
0.22981
0.355072
0.357806
0.319131
0.285366
0.327701
0.293593
0.264874
0.173104
0.335627
0.374734
0.237816
0.298117
0.364529
0.339311
0.334263
0.353468
0.288946
0.223385
0.266319
0.274481
0.338941
0.300651
0.324492
0.348637
0.328238
0.277863
0.186687
0.260571
0.34564
0.383634
0.307434
0.300679
0.263132
0.284295
0.279509
0.347399
0.23388
0.305908
0.337249
0.317902
0.329503
0.384483
0.301509
0.246863
0.368447
0.354879
0.369203
0.350375
0.286475
0.313239
0.342274
0.282394
0.292061
0.295052
0.335088
0.296509
0.313165
0.213681
0.257448
0.265091
0.26465
0.309992
0.250148
0.245073
0.24402
0.216663
0.326012
0.307688
0.331496
0.199395
0.337151
0.340219
0.218167
0.340753
0.279882
0.33176
0.288347
0.311591
0.356566
0.246171
0.254298
0.259499
0.223291
0.344248
0.371664
0.307692
0.344741
0.236605
0.355986
0.267275
0.23443
0.192713
0.258961
0.333869
0.255999
0.346314
0.29148
0.279642
0.263766
0.280233
0.333847
0.290072
0.360121
0.254347
0.282055
0.289187
0.348937
0.233399
0.323537
0.336691
0.27531
0.256611
0.23313
0.292071
0.147596
0.320754
0.301172
0.242366
0.346367
0.317997
0.334654
0.345335
0.385047
0.287967
0.284635
0.339654
0.295113
0.271518
0.313779
0.330416
0.26564
0.304234
0.261561
0.310609
0.247261
0.339561
0.33023
0.329918
0.268596
0.316346
0.278234
0.300008
0.324509
0.303185
0.277758
0.32479
0.268791
0.327604
0.200501
0.309847
0.274036
0.301708
0.295553
0.316966
0.348031
0.2706
0.330304
0.312936
0.327899
0.385886
0.332602
0.363438
0.368463
0.271408
0.36471
0.264236
0.346037
0.261682
0.310585
0.230956
0.335182
0.342948
0.307101
0.329981
0.330786
0.359913
0.309278
0.282498
0.328584
0.346565
0.319949
0.295301
0.301058
0.323391
0.344098
0.295268
0.369274
0.332648
0.32081
0.347965
0.298277
0.304151
0.305017
0.297685
0.316532
0.274712
0.294308
0.322499
0.320987
0.353959
0.298376
0.266316
0.336192
0.319266
0.330291
0.381877
0.348176
0.314626
0.32212
0.262198
0.291837
0.346385
0.304608
0.33378
0.28728
0.282605
0.292754
0.337448
0.325935
0.271714
0.286402
0.319728
0.307689
0.199038
0.303507
0.327632
0.301035
0.292166
0.250626
0.294665
0.335235
0.294988
0.338864
0.323497
0.318123
0.323883
0.311393
0.303592
0.353112
0.264379
0.307249
0.313353
0.34351
0.23503
0.337859
0.376202
0.304489
0.269709
0.352951
0.344698
0.297355
0.366013
0.196108
0.37712
0.295462
0.347232
0.312624
0.223313
0.351446
0.333133
0.331183
0.304516
0.268266
0.192005
0.336874
0.345039
0.290456
0.342351
0.317847
0.363018
0.325117
0.137706
0.30678
0.249263
0.235139
0.295371
0.278105
0.243636
0.341092
0.226501
0.317315
0.297412
0.247828
0.357299
0.307784
0.218526
0.274163
0.220967
0.210689
0.315078
0.294234
0.264906
0.326839
0.233813
0.318885
0.356172
0.320682
0.334517
0.340283
0.264632
0.22759
0.257489
0.358006
0.258244
0.26483
0.319375
0.301656
0.311261
0.271833
0.298758
0.253456
0.332429
0.303039
0.301267
0.280964
0.317136
0.274621
0.369435
0.310402
0.27313
0.306313
0.32417
0.317023
0.250173
0.290309
0.336099
0.332835
0.260493
0.332884
0.313485
0.320835
0.305939
0.334747
0.343219
0.331186
0.342628
0.33154
0.245586
0.37136
0.274549
0.273404
0.316594
0.326419
0.274453
0.359766
0.30208
0.325843
0.346087
0.340731
0.376799
0.378974
0.284381
0.354689
0.345195
0.318568
0.353797
0.324145
0.330578
0.246315
0.358017
0.219108
0.32991
0.251911
0.239548
0.206113
0.358135
0.280543
0.199397
0.273808
0.310022
0.262536
0.28853
0.336908
0.321368
0.192128
0.237434
0.320591
0.364504
0.325903
0.320599
0.331825
0.223966
0.276988
0.372115
0.359669
0.315664
0.379496
0.302501
0.309332
0.3426
0.331417
0.328476
0.328761
0.320791
0.344194
0.284742
0.216089
0.292637
0.283981
0.261422
0.362456
0.29037
0.305604
0.32644
0.342527
0.281061
0.337779
0.23704
0.327683
0.166315
0.319609
0.320671
0.268908
0.262082
0.302684
0.343132
0.250969
0.302088
0.321982
0.234955
0.351368
0.323441
0.35849
0.282195
0.368626
0.341497
0.304927
0.298157
0.326476
0.337788
0.261086
0.325775
0.364857
0.357661
0.369518
0.352188
0.333465
0.284988
0.25682
0.275958
0.301279
0.347192
0.35097
0.288784
0.320553
0.343031
0.276821
0.295594
0.307267
0.3378
0.28393
0.28501
0.168455
0.211192
0.297942
0.193459
0.310503
0.291226
0.231454
0.354537
0.269709
0.309639
0.299778
0.343379
0.344509
0.308335
0.196125
0.360147
0.326241
0.321244
0.295043
0.233892
0.298888
0.278407
0.360668
0.323052
0.196362
0.345592
0.35021
0.336639
0.284289
0.354374
0.299138
0.237266
0.354811
0.355511
0.331179
0.334913
0.295733
0.323179
0.30391
0.337389
0.310332
0.321713
0.298849
0.205299
0.317574
0.266678
0.312865
0.305681
0.308762
0.363414
0.305589
0.303325
0.291805
0.277328
0.270029
0.25353
0.307454
0.26947
0.274045
0.34303
0.344827
0.30334
0.356787
0.227632
0.383386
0.294041
0.321357
0.346054
0.274346
0.346284
0.271088
0.352145
0.282481
0.298834
0.336379
0.324936
0.345346
0.283699
0.267102
0.340556
0.265265
0.339548
0.32194
0.262365
0.27609
0.273249
0.252155
0.249576
0.302901
0.329641
0.340318
0.210496
0.375249
0.327791
0.34339
0.308171
0.361302
0.307911
0.358493
0.279664
0.299948
0.326465
0.252346
0.305642
0.320621
0.303443
0.215358
0.326452
0.251897
0.312883
0.253364
0.32559
0.291801
0.32174
0.322744
0.334543
0.327465
0.26455
0.325533
0.336846
0.300097
0.305164
0.269226
0.270123
0.32923
0.326083
0.26121
0.362443
0.271477
0.338216
0.304844
0.332274
0.343879
0.346221
0.294198
0.365004
0.245699
0.294883
0.342761
0.272995
0.319967
0.291262
0.312603
0.29179
0.238523
0.311631
0.255863
0.32465
0.305662
0.306934
0.323871
0.324916
0.266406
0.328393
0.301293
0.245479
0.230405
0.332346
0.325383
0.324846
0.312733
0.337535
0.265445
0.279777
0.264832
0.33265
0.275828
0.229972
0.338143
0.25489
0.307116
0.281622
0.265538
0.277774
0.2759
0.331665
0.300444
0.362176
0.317277
0.35395
0.30687
0.293163
0.372167
0.352164
0.348221
0.307048
0.258232
0.315018
0.298254
0.259407
0.278415
0.283335
0.249717
0.312299
0.336656
0.277455
0.289548
0.323281
0.293206
0.301009
0.258731
0.259403
0.239209
0.365628
0.239517
0.306663
0.306554
0.300828
0.37084
0.371259
0.357312
0.304022
0.274568
0.337027
0.240937
0.35506
0.282252
0.337584
0.320718
0.333315
0.346967
0.350921
0.278929
0.315955
0.366992
0.295517
0.279903
0.299009
0.347031
0.329067
0.30904
0.317703
0.341085
0.411812
0.345479
0.308795
0.354573
0.288006
0.290449
0.333083
0.282942
0.253298
0.342559
0.276387
0.342789
0.315642
0.232571
0.34475
0.327062
0.309115
0.275495
0.323853
0.316727
0.268602
0.267462
0.249908
0.200948
0.301445
0.254059
0.336599
0.151178
0.28839
0.242217
0.279608
0.237264
0.327391
0.396504
0.354278
0.307861
0.220151
0.327671
0.32297
0.341735
0.350269
0.236932
0.328102
0.292558
0.295942
0.309789
0.274839
0.296531
0.292135
0.327971
0.311381
0.370985
0.190337
0.321192
0.20959
0.24774
0.313778
0.26306
0.327461
0.309435
0.316427
0.274801
0.311764
0.310327
0.323148
0.272458
0.316057
0.372541
0.205375
0.300802
0.281763
0.297462
0.279136
0.359346
0.32705
0.307941
0.30107
0.358625
0.228131
0.176775
0.277868
0.354721
0.37652
0.326138
0.258778
0.303351
0.286421
0.315195
0.364639
0.270868
0.267585
0.263468
0.324665
0.329381
0.250251
0.356859
0.268062
0.286585
0.346051
0.359055
0.292014
0.307183
0.304593
0.358082
0.261857
0.294448
0.312325
0.294703
0.29328
0.252876
0.258623
0.366838
0.332345
0.28273
0.317236
0.254149
0.329917
0.327607
0.27551
0.358824
0.303416
0.282028
0.333518
0.302146
0.328713
0.233834
0.346837
0.268303
0.305186
0.299671
0.304648
0.232452
0.347046
0.338994
0.299101
0.334882
0.309332
0.312987
0.236199
0.28012
0.330973
0.318313
0.309899
0.21288
0.270243
0.339555
0.33187
0.265282
0.328815
0.316869
0.31394
0.311589
0.232498
0.312656
0.365847
0.276857
0.303234
0.26778
0.298985
0.316389
0.356273
0.221717
0.319329
0.366953
0.312723
0.266005
0.305666
0.32116
0.292281
0.314708
0.214862
0.287122
0.334748
0.252155
0.332703
0.321371
0.36162
0.248123
0.349199
0.283497
0.276914
0.30376
0.284175
0.262735
0.303174
0.299843
0.264021
0.32394
0.295488
0.287897
0.334772
0.25538
0.336233
0.339279
0.286902
0.258033
0.236313
0.244312
0.297011
0.320782
0.356152
0.264089
0.32717
0.28632
0.275064
0.313235
0.299896
0.376843
0.282475
0.303389
0.310268
0.300596
0.339725
0.33836
0.306198
0.255564
0.34845
0.295444
0.367429
0.290151
0.31096
0.282654
0.336094
0.365414
0.320904
0.37498
0.339907
0.286702
0.361048
0.232389
0.348044
0.378329
0.307546
0.269012
0.326922
0.349182
0.231141
0.244025
0.246126
0.253455
0.252786
0.340496
0.247973
0.327902
0.310622
0.34095
0.258002
0.380601
0.286363
0.383868
0.333014
0.340359
0.287749
0.324537
0.255467
0.273343
0.269266
0.400566
0.292314
0.154973
0.258548
0.262638
0.292385
0.301991
0.33818
0.292489
0.310977
0.261115
0.308116
0.323636
0.286269
0.201636
0.203871
0.270831
0.318499
0.3214
0.252775
0.248988
0.28162
0.375251
0.235139
0.233392
0.260727
0.326575
0.345124
0.213422
0.22652
0.279029
0.271744
0.321414
0.328803
0.312826
0.262459
0.335917
0.320033
0.293093
0.313071
0.251028
0.323641
0.338833
0.333512
0.231636
0.280931
0.2652
0.30652
0.331656
0.324447
0.269057
0.33463
0.176575
0.24201
0.296
0.246254
0.325523
0.280103
0.277531
0.219316
0.323
0.263265
0.337285
0.165844
0.323547
0.339341
0.251281
0.308348
0.267603
0.342302
0.337158
0.339286
0.275121
0.326834
0.31421
0.301717
0.326071
0.303137
0.351036
0.264732
0.266684
0.323529
0.294153
0.291737
0.245149
0.317427
0.334247
0.30516
0.292757
0.291002
0.300399
0.305917
0.308166
0.366142
0.259993
0.373121
0.316115
0.332318
0.323498
0.312463
0.29747
0.382099
0.261921
0.223002
0.311418
0.267312
0.352309
0.249678
0.290219
0.344551
0.370996
0.317649
0.287173
0.321121
0.285788
0.254808
0.315752
0.42623
0.298186
0.322056
0.309234
0.199684
0.311796
0.27479
0.353565
0.33883
0.338028
0.264803
0.35071
0.280512
0.293867
0.307851
0.286351
0.191412
0.288482
0.251439
0.236868
0.338685
0.373225
0.37846
0.287863
0.302267
0.231534
0.382466
0.329738
0.265925
0.303236
0.243882
0.310489
0.280862
0.313317
0.331043
0.301001
0.316924
0.30809
0.292903
0.372093
0.228133
0.340645
0.269422
0.235424
0.298939
0.324581
0.366218
0.354309
0.213524
0.285612
0.262031
0.34032
0.297848
0.308976
0.302376
0.396791
0.300925
0.361536
0.343243
0.251853
0.278327
0.292591
0.317076
0.318158
0.313204
0.417101
0.315546
0.287356
0.341099
0.300214
0.269461
0.311178
0.250421
0.332969
0.273088
0.315593
0.331341
0.314099
0.32916
0.355184
0.302836
0.347104
0.320522
0.336524
0.354262
0.277202
0.324387
0.34172
0.402134
0.355369
0.208862
0.292425
0.284878
0.32343
0.312891
0.267038
0.302034
0.369912
0.306979
0.259408
0.343812
0.361829
0.294596
0.243673
0.322915
0.354734
0.302643
0.306697
0.338093
0.341224
0.252432
0.300946
0.290485
0.290847
0.306485
0.319999
0.275867
0.33617
0.303958
0.29282
0.328945
0.2997
0.338676
0.286083
0.277879
0.363872
0.298045
0.273088
0.283373
0.291671
0.295639
0.349868
0.272298
0.32955
0.246739
0.276432
0.281575
0.276792
0.30377
0.261914
0.314927
0.218773
0.275292
0.292444
0.298793
0.276101
0.281023
0.292305
0.32632
0.244092
0.242022
0.300136
0.325017
0.304938
0.306845
0.285159
0.259153
0.313531
0.287956
0.288426
0.361714
0.340368
0.337303
0.287052
0.279524
0.313118
0.326339
0.301918
0.318593
0.324005
0.299746
0.238207
0.223826
0.338703
0.295878
0.279418
0.295868
0.295353
0.256548
0.29687
0.311674
0.302323
0.25418
0.321611
0.360646
0.312917
0.347483
0.259882
0.259675
0.309141
0.293633
0.330031
0.244899
0.366321
0.325412
0.33157
0.30561
0.262294
0.324426
0.324884
0.315827
0.359334
0.331951
0.255502
0.302479
0.31459
0.321914
0.339374
0.231201
0.311048
0.283627
0.315201
0.271533
0.302258
0.312963
0.291623
0.265759
0.36342
0.282945
0.295959
0.370443
0.350594
0.255863
0.348006
0.35541
0.31429
0.287272
0.299554
0.263323
0.356235
0.29908
0.26304
0.332657
0.316408
0.367271
0.308754
0.283315
0.311755
0.321724
0.315181
0.160583
0.315577
0.357832
0.335077
0.307919
0.23498
0.318423
0.340851
0.351584
0.32396
0.291681
0.281922
0.227804
0.23947
0.244641
0.302068
0.298699
0.311445
0.30924
0.330135
0.320949
0.266308
0.297423
0.259405
0.311086
0.240124
0.297562
0.304301
0.307544
0.251547
0.326548
0.320734
0.202103
0.315185
0.260129
0.341126
0.295853
0.184147
0.350333
0.279715
0.306598
0.230368
0.345731
0.333489
0.286908
0.351539
0.311725
0.332238
0.276076
0.326526
0.268795
0.346039
0.349749
0.284441
0.266934
0.323134
0.340664
0.327745
0.372345
0.292376
0.206514
0.291768
0.28427
0.240001
0.212617
0.331291
0.304613
0.303067
0.299457
0.31448
0.307107
0.301026
0.219781
0.290437
0.312724
0.251849
0.367981
0.29356
0.2848
0.251631
0.319555
0.27336
0.380186
0.292235
0.32011
0.247189
0.313951
0.298727
0.290798
0.313866
0.341438
0.281112
0.359727
0.313923
0.234311
0.371498
0.277155
0.30938
0.319082
0.325585
0.365841
0.32327
0.302797
0.311673
0.266908
0.315151
0.229106
0.254033
0.293494
0.245268
0.359598
0.362831
0.204932
0.264065
0.311963
0.274483
0.291267
0.29737
0.250567
0.191871
0.379735
0.291569
0.354119
0.27038
0.258393
0.23483
0.372772
0.31157
0.349101
0.263944
0.223246
0.287743
0.319709
0.320618
0.330966
0.346751
0.341059
0.251803
0.305151
0.28446
0.290571
0.343418
0.287615
0.331613
0.3225
0.296937
0.328655
0.407075
0.327629
0.303486
0.266921
0.326042
0.252327
0.307853
0.366938
0.28646
0.255656
0.355915
0.286268
0.358816
0.290923
0.305897
0.272111
0.363654
0.388499
0.352547
0.370167
0.330597
0.360179
0.271913
0.272309
0.336435
0.303977
0.33722
0.342394
0.337232
0.315839
0.246934
0.304868
0.262008
0.185538
0.271555
0.301251
0.191974
0.321949
0.335529
0.382342
0.34656
0.279815
0.335978
0.316138
0.363573
0.299858
0.316712
0.402628
0.329975
0.25846
0.324035
0.229577
0.31431
0.342237
0.31838
0.31821
0.29007
0.312365
0.35537
0.313889
0.219005
0.353736
0.275454
0.314182
0.270241
0.320775
0.228552
0.365257
0.311094
0.316014
0.293169
0.337212
0.301687
0.285638
0.265366
0.298597
0.347231
0.376457
0.239678
0.293466
0.358282
0.336565
0.325854
0.288612
0.277236
0.296529
0.311434
0.311234
0.342811
0.241397
0.249471
0.307543
0.214511
0.344098
0.295239
0.3018
0.26917
0.302236
0.295498
0.26765
0.279393
0.263278
0.357256
0.384827
0.290067
0.208084
0.317003
0.325672
0.373099
0.376272
0.303375
0.278922
0.296391
0.368751
0.257142
0.274627
0.357959
0.294368
0.361345
0.384153
0.29462
0.325021
0.323664
0.312857
0.26671
0.347555
0.340472
0.224895
0.287593
0.32413
0.25176
0.191339
0.244828
0.336059
0.298296
0.298004
0.343052
0.300831
0.336129
0.223805
0.337112
0.345107
0.258949
0.313201
0.223008
0.281464
0.28821
0.335376
0.34195
0.335033
0.316159
0.347277
0.29254
0.2997
0.276708
0.35025
0.267679
0.291654
0.261738
0.344342
0.245433
0.330777
0.370433
0.233459
0.303419
0.352626
0.238099
0.283694
0.284902
0.268499
0.302446
0.231258
0.325608
0.372719
0.329373
0.316304
0.353795
0.304865
0.323149
0.30863
0.272461
0.309693
0.339651
0.329472
0.305011
0.359581
0.268988
0.33825
0.300105
0.30762
0.356939
0.26628
0.33096
0.24632
0.325418
0.323441
0.306513
0.261612
0.275203
0.326915
0.284172
0.329992
0.25299
0.374729
0.369842
0.323711
0.271911
0.257523
0.315098
0.351337
0.367259
0.314469
0.296407
0.309241
0.299931
0.208531
0.300011
0.186853
0.319453
0.341216
0.339196
0.264863
0.244398
0.277609
0.324825
0.315575
0.315946
0.328721
0.260598
0.377025
0.325372
0.319855
0.288942
0.329697
0.30828
0.334554
0.280637
0.226855
0.298031
0.310986
0.290538
0.315366
0.356598
0.371986
0.347076
0.327625
0.29402
0.288427
0.263975
0.284535
0.250172
0.332649
0.312754
0.296346
0.40442
0.284251
0.321798
0.36785
0.249691
0.307221
0.112379
0.314971
0.332088
0.312173
0.307224
0.315402
0.346005
0.343992
0.336706
0.302498
0.182523
0.357739
0.32212
0.274752
0.302077
0.326696
0.321793
0.303796
0.306106
0.278413
0.286952
0.356562
0.272818
0.320613
0.314548
0.317508
0.292845
0.296464
0.325659
0.338526
0.247538
0.239561
0.278814
0.320156
0.235598
0.320788
0.280556
0.360071
0.339363
0.318508
0.298198
0.211991
0.261916
0.287024
0.315603
0.375706
0.337194
0.360865
0.298623
0.290322
0.312326
0.199919
0.264181
0.342825
0.261349
0.308074
0.312005
0.314346
0.322306
0.268627
0.289622
0.312572
0.294285
0.352077
0.351562
0.351813
0.36143
0.331575
0.297458
0.257408
0.314439
0.286495
0.287506
0.330883
0.277779
0.319431
0.269041
0.236525
0.313157
0.31012
0.229087
0.353533
0.279168
0.276346
0.348311
0.223331
0.343067
0.283565
0.318424
0.246058
0.320239
0.374189
0.227875
0.369924
0.29711
0.279926
0.243268
0.34564
0.304001
0.254756
0.354804
0.142423
0.271122
0.323189
0.336812
0.358134
0.32712
0.29675
0.232884
0.270648
0.255288
0.34728
0.353573
0.331521
0.294396
0.292735
0.392281
0.326358
0.345776
0.292212
0.359126
0.293943
0.360258
0.334455
0.286942
0.370337
0.254053
0.346038
0.304986
0.340598
0.305563
0.349343
0.269471
0.327146
0.357631
0.339537
0.180806
0.244391
0.312979
0.310887
0.306412
0.355941
0.27058
0.339947
0.370504
0.307682
0.328748
0.319184
0.290149
0.301371
0.298081
0.268804
0.259685
0.360699
0.353965
0.369502
0.269699
0.33454
0.28397
0.344969
0.360267
0.327136
0.368129
0.30641
0.369376
0.278813
0.341052
0.272021
0.280631
0.335337
0.309763
0.321776
0.316949
0.327538
0.302899
0.304219
0.351416
0.314638
0.322929
0.293126
0.322304
0.336842
0.332232
0.287633
0.363278
0.238539
0.340095
0.303834
0.269226
0.295566
0.253356
0.272461
0.200009
0.249626
0.307491
0.325283
0.230321
0.341796
0.33681
0.280792
0.366352
0.361976
0.306291
0.308551
0.305806
0.356071
0.34633
0.352972
0.329083
0.29434
0.355452
0.279514
0.343949
0.342357
0.31848
0.356294
0.252903
0.303077
0.323366
0.284443
0.32431
0.266845
0.302118
0.283035
0.300211
0.353718
0.368811
0.341777
0.278325
0.301248
0.359409
0.237606
0.346768
0.327192
0.338795
0.298399
0.371137
0.258595
0.276953
0.336505
0.248716
0.299635
0.344895
0.245202
0.237284
0.283825
0.360515
0.3019
0.349959
0.364306
0.306777
0.266323
0.30604
0.355385
0.215285
0.35838
0.35238
0.353169
0.259503
0.277643
0.342866
0.220605
0.285983
0.259513
0.325046
0.23859
0.203557
0.324724
0.288496
0.322752
0.266884
0.239097
0.219652
0.287144
0.286774
0.325911
0.322209
0.296303
0.264009
0.357202
0.336073
0.377782
0.29414
0.327904
0.271913
0.265554
0.268608
0.247626
0.275582
0.374243
0.27766
0.291131
0.37921
0.330042
0.268893
0.30943
0.320622
0.307976
0.334017
0.355065
0.312234
0.262108
0.317956
0.33377
0.354224
0.338871
0.288441
0.305854
0.324774
0.317858
0.311296
0.2734
0.364283
0.281091
0.282812
0.262247
0.309534
0.330051
0.350306
0.33495
0.230056
0.359572
0.374426
0.323479
0.259287
0.31462
0.344024
0.358921
0.355917
0.31926
0.318461
0.343684
0.263174
0.315052
0.27471
0.360081
0.385825
0.283288
0.338861
0.33855
0.312149
0.28782
0.371931
0.251782
0.248601
0.171919
0.30166
0.368597
0.299193
0.363946
0.332493
0.368396
0.293849
0.328035
0.319552
0.248652
0.351641
0.300963
0.278352
0.292673
0.238512
0.361251
0.302439
0.321484
0.26905
0.324096
0.281078
0.286904
0.315614
0.277843
0.271729
0.280794
0.275326
0.299048
0.263305
0.272118
0.26918
0.293122
0.282739
0.256197
0.292015
0.353451
0.292857
0.276112
0.26896
0.316776
0.324515
0.31119
0.276627
0.281603
0.348612
0.27895
0.338755
0.349765
0.309294
0.28474
0.387037
0.329957
0.31365
0.340646
0.344285
0.337905
0.199278
0.312199
0.278703
0.273386
0.242235
0.343745
0.34201
0.318971
0.317007
0.328866
0.350255
0.228481
0.328797
0.246428
0.324137
0.250607
0.338908
0.302345
0.304116
0.227182
0.374248
0.325145
0.323415
0.393528
0.282671
0.32255
0.260467
0.326003
0.24707
0.290669
0.33061
0.290815
0.309443
0.314639
0.354075
0.278887
0.294887
0.315544
0.331514
0.277304
0.279472
0.312661
0.316762
0.27453
0.307125
0.347166
0.232155
0.31539
0.36842
0.335554
0.272101
0.345614
0.287074
0.243832
0.300235
0.282924
0.33071
0.324982
0.310905
0.275238
0.284529
0.328639
0.346535
0.246379
0.333328
0.31753
0.32221
0.3275
0.286628
0.293279
0.379825
0.343825
0.312297
0.308501
0.30819
0.291792
0.312981
0.365008
0.29805
0.362321
0.272441
0.314149
0.29215
0.317982
0.23345
0.365519
0.296281
0.272814
0.313072
0.327303
0.297311
0.348288
0.370478
0.306971
0.254774
0.323554
0.249748
0.290133
0.378174
0.362412
0.300965
0.312279
0.340077
0.309686
0.248579
0.290297
0.354684
0.314659
0.324373
0.302945
0.316422
0.327669
0.204871
0.300292
0.363902
0.347084
0.295018
0.314372
0.297602
0.265647
0.3262
0.336373
0.320552
0.332683
0.337311
0.325295
0.281759
0.354344
0.345393
0.35019
0.234018
0.213865
0.287384
0.250397
0.34144
0.335781
0.269313
0.286754
0.261432
0.351335
0.258138
0.406814
0.292574
0.310089
0.371571
0.258117
0.306723
0.341116
0.28215
0.254541
0.318741
0.37271
0.237766
0.260914
0.306375
0.346376
0.354061
0.290681
0.251195
0.385907
0.263559
0.299696
0.33106
0.331225
0.267567
0.296588
0.230361
0.297611
0.265528
0.296059
0.327484
0.307185
0.341406
0.281224
0.326778
0.339124
0.326617
0.283598
0.274108
0.255386
0.28742
0.34455
0.314062
0.316298
0.298133
0.288793
0.358307
0.305867
0.286285
0.293024
0.334528
0.253116
0.289071
0.302742
0.293229
0.29847
0.312856
0.275127
0.321861
0.294693
0.334445
0.286668
0.351576
0.230142
0.334737
0.287275
0.318479
0.324024
0.320019
0.263289
0.30394
0.335301
0.313198
0.369362
0.319271
0.361209
0.330391
0.311864
0.349854
0.380001
0.292327
0.258555
0.279646
0.294985
0.269263
0.349986
0.314932
0.252151
0.284596
0.356573
0.292152
0.291668
0.256021
0.192072
0.336991
0.288835
0.316976
0.352651
0.315361
0.278525
0.267514
0.203054
0.30909
0.366555
0.330621
0.348502
0.245686
0.323572
0.26344
0.313962
0.354005
0.25949
0.237151
0.293168
0.344964
0.256882
0.258205
0.369905
0.321003
0.287053
0.276057
0.39377
0.280107
0.174678
0.330669
0.27485
0.312483
0.344148
0.257344
0.323107
0.331049
0.261678
0.322636
0.282089
0.252025
0.322568
0.301233
0.253613
0.236352
0.267453
0.284679
0.215378
0.344118
0.241239
0.261552
0.386021
0.369304
0.251557
0.210012
0.340392
0.282416
0.259156
0.255154
0.281872
0.275322
0.301662
0.286678
0.330976
0.344865
0.292272
0.357294
0.243011
0.256939
0.28501
0.182732
0.188341
0.342031
0.332778
0.340054
0.383035
0.241359
0.276162
0.313587
0.355528
0.319064
0.250825
0.250977
0.368827
0.279988
0.22943
0.339801
0.270192
0.314423
0.379619
0.307597
0.311877
0.26361
0.270803
0.271714
0.33633
0.305272
0.334411
0.342374
0.3624
0.325798
0.247127
0.320152
0.35932
0.303026
0.239192
0.28791
0.263292
0.321841
0.303493
0.234964
0.293979
0.295526
0.250332
0.326814
0.354001
0.268218
0.303337
0.292301
0.300889
0.334018
0.241988
0.326789
0.294878
0.298095
0.264193
0.275901
0.39451
0.277572
0.331002
0.314593
0.256515
0.297788
0.312943
0.287259
0.239692
0.38134
0.290551
0.275873
0.31815
0.364687
0.229239
0.28035
0.356326
0.286876
0.335215
0.257404
0.195358
0.274978
0.310566
0.294521
0.364188
0.314875
0.309358
0.313259
0.226365
0.244189
0.365079
0.34641
0.317942
0.232299
0.297355
0.341369
0.29008
0.333937
0.303322
0.286231
0.254387
0.313427
0.276802
0.311144
0.298716
0.282141
0.294298
0.240742
0.264471
0.241405
0.29111
0.35905
0.347389
0.252556
0.284766
0.390622
0.311244
0.335904
0.329584
0.268538
0.27427
0.323019
0.306394
0.332226
0.281741
0.271093
0.291922
0.36499
0.253598
0.317484
0.262753
0.23222
0.320638
0.266656
0.37861
0.343685
0.321256
0.356816
0.167585
0.216383
0.345062
0.28446
0.270634
0.24303
0.262914
0.305333
0.327149
0.338864
0.289123
0.284075
0.27911
0.333375
0.255138
0.263325
0.318571
0.339853
0.226088
0.272799
0.329898
0.356476
0.291255
0.28583
0.326783
0.303099
0.304137
0.320405
0.335693
0.184019
0.346547
0.329014
0.345622
0.321502
0.365306
0.247235
0.343069
0.290785
0.268132
0.294477
0.261037
0.347217
0.327026
0.308657
0.307367
0.317787
0.302161
0.273007
0.21278
0.340293
0.257251
0.312839
0.314514
0.345561
0.350308
0.20592
0.288165
0.294146
0.291439
0.281269
0.309267
0.297443
0.34306
0.195964
0.256183
0.302345
0.346198
0.302477
0.282505
0.310901
0.245808
0.275434
0.276421
0.28255
0.305966
0.341519
0.330013
0.301038
0.19936
0.302559
0.257618
0.283413
0.311735
0.289542
0.357481
0.243729
0.349024
0.286037
0.30198
0.320033
0.306241
0.267616
0.295797
0.338632
0.257516
0.327057
0.376772
0.366677
0.34227
0.289191
0.313335
0.325477
0.386923
0.317866
0.362383
0.324577
0.272009
0.35997
0.252877
0.310376
0.326099
0.34659
0.298285
0.293523
0.263365
0.28257
0.308206
0.280089
0.303937
0.263778
0.332636
0.341161
0.323922
0.244038
0.299186
0.359633
0.283742
0.361084
0.272633
0.317618
0.341567
0.319657
0.33799
0.291119
0.383207
0.229944
0.28404
0.354748
0.311443
0.235518
0.285499
0.288255
0.296238
0.275379
0.28346
0.204804
0.281015
0.307686
0.337514
0.338852
0.22025
0.281591
0.356787
0.337333
0.237266
0.263563
0.364469
0.302118
0.242329
0.308311
0.338716
0.26425
0.31596
0.289098
0.260382
0.273516
0.300401
0.242843
0.366804
0.353972
0.285403
0.303655
0.371978
0.33581
0.417743
0.311042
0.39031
0.336849
0.292281
0.274591
0.285382
0.304248
0.291357
0.341959
0.282996
0.277739
0.367258
0.255514
0.339681
0.31652
0.291962
0.324851
0.321295
0.329151
0.280844
0.333913
0.223347
0.28778
0.337974
0.278871
0.193925
0.234407
0.314928
0.267881
0.279152
0.27353
0.332698
0.310574
0.360778
0.331567
0.356709
0.271649
0.251603
0.343641
0.337394
0.284524
0.334606
0.274692
0.31598
0.339079
0.350779
0.305125
0.357222
0.307539
0.330996
0.30318
0.334148
0.299346
0.248624
0.330905
0.240018
0.335558
0.327139
0.320797
0.304187
0.206884
0.300086
0.26327
0.230688
0.340456
0.319771
0.350575
0.326448
0.235351
0.313765
0.269158
0.316339
0.330693
0.2994
0.296945
0.282549
0.379523
0.263318
0.278322
0.31802
0.282613
0.304605
0.343829
0.326021
0.354074
0.359508
0.371665
0.313536
0.258842
0.325797
0.38095
0.311652
0.287976
0.136017
0.347015
0.280441
0.317785
0.407628
0.252635
0.26509
0.344356
0.248986
0.348904
0.361162
0.271302
0.290318
0.339223
0.330905
0.312313
0.338786
0.297822
0.263458
0.315799
0.293939
0.31718
0.30961
0.329446
0.322626
0.308912
0.271026
0.27057
0.321952
0.348872
0.305132
0.347332
0.277659
0.351166
0.257361
0.308634
0.252801
0.248316
0.292378
0.183141
0.345849
0.326594
0.331656
0.319693
0.250725
0.291853
0.245902
0.254685
0.384694
0.263668
0.290247
0.323358
0.300213
0.293729
0.306336
0.303956
0.23196
0.341079
0.310497
0.289359
0.268218
0.31319
0.307783
0.280282
0.274692
0.294145
0.267878
0.258187
0.258257
0.367279
0.276434
0.292663
0.296904
0.225007
0.240324
0.305871
0.318841
0.396058
0.315122
0.303214
0.214947
0.315886
0.313569
0.245321
0.305252
0.30411
0.318562
0.329051
0.372594
0.305818
0.330768
0.306002
0.225881
0.239875
0.35448
0.319763
0.328022
0.317004
0.217176
0.32192
0.302149
0.29819
0.333909
0.333437
0.191605
0.302306
0.30613
0.274442
0.339833
0.309758
0.325498
0.291888
0.256333
0.255772
0.320125
0.225068
0.306965
0.253084
0.295287
0.293395
0.38021
0.218968
0.36243
0.246112
0.267712
0.365119
0.333378
0.300078
0.370522
0.350583
0.339688
0.305577
0.198471
0.345268
0.360723
0.307082
0.224776
0.309551
0.351174
0.363205
0.310403
0.293618
0.314335
0.349726
0.301565
0.365915
0.317528
0.334297
0.278509
0.330844
0.220878
0.256358
0.365388
0.303915
0.288791
0.222365
0.328813
0.199703
0.269763
0.226017
0.316837
0.352334
0.235272
0.326088
0.312055
0.38712
0.294166
0.321156
0.264176
0.306588
0.14927
0.366725
0.326685
0.224684
0.350795
0.252668
0.390992
0.309113
0.270235
0.335982
0.31703
0.184167
0.295807
0.28437
0.317883
0.306945
0.192099
0.323173
0.281984
0.208749
0.290304
0.298874
0.265669
0.361119
0.355097
0.264217
0.300275
0.349924
0.23386
0.366168
0.265519
0.383785
0.262349
0.326696
0.335609
0.284998
0.319603
0.339599
0.24317
0.25353
0.327926
0.288667
0.327963
0.342451
0.33863
0.345041
0.318321
0.266846
0.333629
0.337782
0.337507
0.281812
0.271871
0.359594
0.344206
0.2742
0.260798
0.32591
0.328908
0.271205
0.237792
0.329603
0.339732
0.364846
0.280788
0.261294
0.238548
0.38018
0.32334
0.306375
0.327063
0.347864
0.295534
0.231095
0.288794
0.31314
0.335946
0.306299
0.324661
0.337989
0.296464
0.294846
0.261945
0.258144
0.328684
0.274871
0.319794
0.330101
0.311579
0.278298
0.286657
0.28626
0.310106
0.299061
0.30653
0.33027
0.323855
0.272329
0.288797
0.343589
0.341494
0.31502
0.25552
0.311912
0.283073
0.299277
0.38696
0.358297
0.313371
0.418053
0.272626
0.277332
0.271699
0.307809
0.31726
0.225481
0.30484
0.376963
0.322584
0.314943
0.295479
0.338499
0.226137
0.333948
0.31792
0.270898
0.339477
0.285365
0.350422
0.282735
0.305585
0.314539
0.333674
0.345972
0.31476
0.302426
0.185047
0.314066
0.31935
0.231505
0.289478
0.232661
0.341604
0.289419
0.233994
0.341416
0.295784
0.299574
0.353668
0.340953
0.27159
0.248616
0.3089
0.333606
0.306266
0.281195
0.256013
0.30879
0.232403
0.343374
0.317914
0.319213
0.339082
0.327994
0.329873
0.318785
0.279401
0.343882
0.291996
0.294937
0.278318
0.342578
0.352576
0.293799
0.325968
0.293101
0.347405
0.315845
0.309734
0.214046
0.289772
0.351129
0.214599
0.268782
0.270615
0.319038
0.350348
0.330977
0.305481
0.32035
0.313723
0.345189
0.298922
0.221231
0.347769
0.252681
0.354728
0.336218
0.339374
0.325423
0.260374
0.301697
0.325448
0.310823
0.327207
0.229423
0.291332
0.257491
0.297315
0.251178
0.350413
0.371963
0.276522
0.238598
0.242435
0.330365
0.341316
0.223501
0.248222
0.241246
0.319131
0.294853
0.288946
0.312552
0.2742
0.290611
0.283145
0.35959
0.348138
0.338386
0.349548
0.316821
0.309318
0.32469
0.334695
0.248958
0.355331
0.306588
0.304335
0.323923
0.332631
0.339026
0.320401
0.290934
0.332501
0.290392
0.328776
0.330795
0.284318
0.232417
0.302903
0.294516
0.278559
0.29027
0.291126
0.327345
0.26109
0.360117
0.282931
0.353299
0.296875
0.310926
0.239949
0.369906
0.288955
0.280802
0.323222
0.257543
0.311811
0.350551
0.345318
0.356758
0.279122
0.339032
0.341007
0.332934
0.242353
0.252145
0.300488
0.342207
0.334899
0.357267
0.297118
0.283111
0.220336
0.292217
0.340617
0.329049
0.35497
0.351756
0.301469
0.32741
0.373695
0.277528
0.237831
0.269503
0.320525
0.305524
0.316711
0.347268
0.352903
0.225503
0.266194
0.243599
0.293861
0.236358
0.310862
0.298665
0.3758
0.345527
0.295182
0.316729
0.323078
0.365052
0.331875
0.304271
0.258392
0.294859
0.338464
0.264679
0.272875
0.292635
0.276247
0.319065
0.237341
0.277622
0.305749
0.30884
0.335067
0.200837
0.303503
0.312304
0.236288
0.365211
0.315186
0.308862
0.286458
0.295346
0.346251
0.185067
0.307234
0.328615
0.229168
0.278472
0.323822
0.343138
0.322725
0.316098
0.339207
0.246964
0.344908
0.281846
0.309496
0.284644
0.284292
0.351831
0.274426
0.251399
0.347857
0.289657
0.274958
0.248818
0.357618
0.317683
0.305902
0.365856
0.290204
0.246338
0.304913
0.327277
0.346862
0.310583
0.268739
0.236954
0.324589
0.316176
0.305166
0.282245
0.33452
0.312775
0.381203
0.306986
0.285699
0.364077
0.209532
0.279355
0.349882
0.319988
0.268189
0.358019
0.342731
0.294674
0.371916
0.223079
0.265739
0.335367
0.307516
0.333479
0.297447
0.263688
0.326807
0.283153
0.27651
0.280844
0.368472
0.351342
0.34344
0.321424
0.218071
0.326909
0.326525
0.346482
0.260241
0.234633
0.310988
0.326892
0.26707
0.288883
0.331839
0.274936
0.331412
0.320302
0.318557
0.287145
0.243388
0.349439
0.283873
0.313798
0.300976
0.2847
0.24769
0.334011
0.279744
0.261923
0.272355
0.356383
0.310898
0.353244
0.370153
0.224251
0.305988
0.27818
0.263692
0.219743
0.310668
0.226253
0.298505
0.250326
0.304426
0.334481
0.387643
0.29375
0.299849
0.336529
0.235889
0.293744
0.231617
0.348728
0.184175
0.225885
0.275433
0.29807
0.329085
0.33364
0.29972
0.265651
0.283266
0.343338
0.289632
0.284883
0.262959
0.280024
0.322358
0.274937
0.285133
0.298092
0.301776
0.305558
0.198049
0.348158
0.299843
0.346055
0.336951
0.330846
0.362806
0.337455
0.317388
0.282229
0.375561
0.376623
0.350363
0.332903
0.356876
0.326476
0.339434
0.336795
0.341413
0.382166
0.322598
0.338847
0.368885
0.350161
0.340819
0.231946
0.324167
0.3224
0.278029
0.320314
0.324954
0.241741
0.337969
0.287189
0.236554
0.306373
0.345896
0.212181
0.302715
0.272432
0.344457
0.33217
0.293594
0.332678
0.333728
0.302401
0.296884
0.294752
0.314462
0.311159
0.325187
0.369973
0.348644
0.344035
0.237329
0.301089
0.321711
0.36439
0.243956
0.338935
0.35051
0.279885
0.326806
0.308279
0.375806
0.280892
0.326749
0.324106
0.329958
0.371363
0.286908
0.298236
0.234048
0.281427
0.302681
0.283061
0.328322
0.373917
0.302787
0.319819
0.30897
0.323651
0.344878
0.318043
0.365158
0.358941
0.284187
0.266979
0.321331
0.275581
0.330159
0.326422
0.261862
0.386917
0.330989
0.321284
0.325482
0.329374
0.216313
0.274645
0.359933
0.338058
0.270412
0.346898
0.351772
0.341219
0.273712
0.29388
0.335108
0.389023
0.295605
0.330764
0.366774
0.319224
0.343779
0.240549
0.312744
0.284773
0.313803
0.264376
0.321034
0.329074
0.304033
0.32848
0.291515
0.331095
0.251599
0.288409
0.327641
0.32943
0.358026
0.352503
0.190368
0.336611
0.248139
0.278132
0.248799
0.261068
0.300644
0.242301
0.275644
0.333251
0.320941
0.358574
0.311122
0.339785
0.192803
0.282028
0.323634
0.299952
0.300391
0.259637
0.375537
0.350608
0.292899
0.367839
0.294646
0.229709
0.324821
0.277309
0.299831
0.254046
0.357553
0.332628
0.186749
0.316471
0.381593
0.309873
0.195302
0.34376
0.327914
0.304275
0.324694
0.34919
0.303399
0.328542
0.289078
0.226164
0.342168
0.291796
0.337803
0.254718
0.21699
0.361096
0.224264
0.301231
0.342449
0.290973
0.349528
0.343682
0.313288
0.265364
0.296169
0.303772
0.250647
0.260849
0.355267
0.338567
0.246201
0.351603
0.305922
0.336007
0.348374
0.29072
0.24998
0.240394
0.357903
0.32326
0.342514
0.316202
0.358172
0.305477
0.271016
0.338923
0.241207
0.28212
0.353671
0.38096
0.254697
0.26089
0.372188
0.345627
0.346262
0.273782
0.388847
0.277574
0.289828
0.298243
0.280544
0.292613
0.306405
0.308494
0.298154
0.313063
0.300747
0.298151
0.322817
0.303246
0.30578
0.323157
0.381508
0.390874
0.274243
0.279208
0.329805
0.336637
0.301477
0.22593
0.296344
0.272813
0.305539
0.343877
0.339842
0.264386
0.258489
0.263339
0.28078
0.360236
0.338017
0.347802
0.321816
0.2771
0.303956
0.285698
0.348124
0.310562
0.288456
0.344167
0.285629
0.293798
0.301275
0.288186
0.271879
0.326319
0.228732
0.317812
0.315273
0.34079
0.27839
0.332302
0.305893
0.335545
0.273488
0.377582
0.331021
0.319269
0.367623
0.328562
0.328686
0.288119
0.346808
0.32805
0.314488
0.362669
0.374886
0.40933
0.366644
0.285143
0.3115
0.32782
0.282419
0.297077
0.2884
0.290361
0.253957
0.321807
0.297056
0.274805
0.287947
0.278399
0.30467
0.392053
0.293818
0.304944
0.327651
0.359728
0.289482
0.287134
0.265397
0.315446
0.310109
0.32177
0.337406
0.32941
0.376607
0.309804
0.33956
0.2979
0.37416
0.261926
0.297321
0.27489
0.253368
0.332904
0.34204
0.30374
0.325617
0.310729
0.32748
0.208571
0.223777
0.279864
0.311334
0.311249
0.28082
0.240432
0.338799
0.328314
0.340355
0.292357
0.325677
0.318027
0.369319
0.327768
0.345718
0.357607
0.285111
0.349897
0.274819
0.244665
0.34005
0.307821
0.357042
0.318061
0.198398
0.338471
0.253011
0.279408
0.276477
0.30455
0.239613
0.382413
0.227159
0.386571
0.339733
0.283268
0.332988
0.312188
0.346501
0.360707
0.3611
0.303975
0.272309
0.228091
0.370828
0.283774
0.207998
0.267817
0.341186
0.362194
0.350735
0.309786
0.332057
0.325288
0.339565
0.333464
0.234475
0.274116
0.272886
0.241327
0.3263
0.280869
0.334682
0.217842
0.276426
0.261435
0.399064
0.223574
0.281411
0.292549
0.180459
0.365589
0.266987
0.312192
0.33877
0.350818
0.307414
0.363001
0.327116
0.333873
0.326204
0.276613
0.276739
0.365321
0.344237
0.308825
0.333059
0.315703
0.33269
0.229492
0.360874
0.329915
0.2255
0.350396
0.276667
0.270451
0.322173
0.379432
0.32879
0.272976
0.316991
0.286477
0.380118
0.346655
0.315425
0.286363
0.28653
0.374564
0.318618
0.32243
0.280151
0.279467
0.278152
0.322156
0.326433
0.258921
0.303631
0.297652
0.25403
0.266228
0.305604
0.339168
0.282963
0.329826
0.301713
0.28442
0.286102
0.347195
0.25322
0.257101
0.246182
0.276796
0.328338
0.336602
0.299568
0.26114
0.297353
0.212843
0.307346
0.189815
0.28907
0.261631
0.269091
0.250208
0.245438
0.270129
0.194048
0.234361
0.26433
0.323668
0.349365
0.23994
0.360265
0.334673
0.320534
0.354274
0.24818
0.300441
0.273015
0.364419
0.262877
0.294102
0.373249
0.32871
0.240078
0.32599
0.299798
0.272065
0.319875
0.229339
0.336268
0.355684
0.353403
0.289593
0.285858
0.28624
0.266601
0.312764
0.293916
0.193325
0.271243
0.284382
0.261615
0.283905
0.277775
0.308283
0.23331
0.300268
0.324769
0.287509
0.304057
0.282294
0.309842
0.297034
0.32229
0.300941
0.342753
0.367337
0.282041
0.293457
0.307767
0.317228
0.346377
0.344304
0.188817
0.305954
0.346893
0.352438
0.222934
0.337986
0.319752
0.333943
0.234571
0.30339
0.265109
0.232194
0.326204
0.287746
0.309242
0.267901
0.278218
0.305215
0.202653
0.299872
0.315439
0.303145
0.342594
0.344122
0.306109
0.289342
0.292251
0.267655
0.373356
0.333902
0.373992
0.287647
0.296789
0.321277
0.242158
0.365517
0.242961
0.317255
0.296357
0.276815
0.307765
0.244152
0.350673
0.266323
0.281978
0.3336
0.308634
0.344659
0.389077
0.280613
0.330409
0.372555
0.257528
0.341224
0.351157
0.279473
0.248034
0.328329
0.306648
0.382486
0.360965
0.283971
0.300234
0.333143
0.3707
0.326791
0.37506
0.299061
0.338233
0.301202
0.318211
0.3314
0.285584
0.304887
0.268314
0.290721
0.302459
0.314823
0.34148
0.349373
0.289561
0.330662
0.375228
0.295184
0.320449
0.306711
0.359642
0.273098
0.27208
0.345065
0.299849
0.266658
0.254633
0.271962
0.204845
0.348049
0.315326
0.250329
0.345567
0.350522
0.326293
0.289611
0.253292
0.228639
0.249254
0.340501
0.322342
0.290103
0.294144
0.284741
0.338671
0.18625
0.319113
0.254105
0.303969
0.299393
0.268554
0.301589
0.225892
0.315932
0.272606
0.261706
0.313037
0.377724
0.233039
0.313322
0.359859
0.244535
0.283533
0.264617
0.368559
0.30629
0.34847
0.307867
0.354759
0.315704
0.305903
0.340644
0.356484
0.346676
0.319437
0.338379
0.362316
0.127567
0.274857
0.330491
0.325243
0.31688
0.329895
0.305383
0.28645
0.324084
0.351129
0.308579
0.288667
0.323232
0.293395
0.284772
0.340689
0.298471
0.296097
0.324577
0.340099
0.318934
0.311777
0.22618
0.311482
0.336208
0.29098
0.234945
0.223423
0.238397
0.32712
0.333472
0.36239
0.320728
0.326302
0.379713
0.29857
0.336588
0.220559
0.360467
0.321999
0.30738
0.329073
0.238094
0.329498
0.314765
0.263874
0.35592
0.320526
0.309115
0.280105
0.297977
0.30712
0.262604
0.280248
0.360461
0.318532
0.359692
0.325175
0.334463
0.347519
0.224073
0.247969
0.302674
0.260369
0.32933
0.249102
0.293947
0.324499
0.258115
0.286384
0.341607
0.313171
0.318713
0.341434
0.274923
0.291734
0.296278
0.251757
0.2581
0.330903
0.353364
0.381814
0.252755
0.332382
0.351652
0.312381
0.278896
0.27915
0.293981
0.268417
0.172668
0.290051
0.321639
0.376718
0.34655
0.332553
0.251677
0.288909
0.293223
0.18528
0.295211
0.337523
0.313679
0.303569
0.263663
0.322574
0.304674
0.270438
0.320401
0.311113
0.272535
0.313649
0.311278
0.27246
0.31533
0.284284
0.352906
0.326669
0.325129
0.372088
0.349448
0.292714
0.263363
0.213263
0.303612
0.311378
0.269727
0.214875
0.324839
0.316506
0.370232
0.295799
0.348289
0.341091
0.329928
0.328112
0.345912
0.250201
0.3194
0.312076
0.214542
0.305932
0.271636
0.245054
0.266596
0.295317
0.213648
0.308569
0.391908
0.310944
0.321641
0.314275
0.277777
0.231931
0.197233
0.232034
0.333058
0.333426
0.3136
0.315591
0.327628
0.24305
0.286927
0.328681
0.295115
0.361566
0.287225
0.374747
0.226763
0.322439
0.29143
0.286978
0.321915
0.311512
0.223585
0.290097
0.313512
0.245441
0.329798
0.293387
0.240619
0.365364
0.209579
0.287576
0.260365
0.185615
0.295687
0.308426
0.378918
0.314027
0.267433
0.31465
0.239482
0.345996
0.286306
0.253083
0.277749
0.30635
0.260018
0.273004
0.31785
0.259604
0.371579
0.282596
0.31561
0.330641
0.368632
0.326579
0.247694
0.310055
0.298529
0.348462
0.249978
0.338771
0.307198
0.257934
0.247904
0.292301
0.308068
0.24124
0.28162
0.321369
0.283006
0.236831
0.35743
0.29841
0.286427
0.295514
0.267777
0.339785
0.323866
0.267941
0.215456
0.307839
0.283629
0.247328
0.338688
0.334405
0.319735
0.28638
0.333173
0.313727
0.381829
0.268715
0.333231
0.306882
0.343119
0.364794
0.302499
0.299842
0.382614
0.286238
0.290791
0.269265
0.281498
0.249325
0.363677
0.171878
0.255623
0.290357
0.22962
0.338658
0.244587
0.307199
0.270176
0.309145
0.350257
0.226032
0.380609
0.32738
0.29772
0.322795
0.224964
0.223096
0.274296
0.333194
0.282376
0.293055
0.24133
0.226175
0.299898
0.329627
0.285407
0.287882
0.394992
0.306913
0.317049
0.32812
0.301113
0.305694
0.255378
0.297784
0.326001
0.322113
0.386133
0.31407
0.300564
0.288479
0.30429
0.250719
0.308035
0.390776
0.341708
0.333352
0.282957
0.323865
0.275096
0.316092
0.329655
0.253288
0.320648
0.288373
0.373931
0.339071
0.338088
0.23033
0.287039
0.311862
0.328206
0.340087
0.30099
0.310942
0.227397
0.32095
0.206288
0.31377
0.342059
0.283243
0.364711
0.349109
0.283818
0.305677
0.228251
0.295275
0.229412
0.284751
0.207335
0.348962
0.2921
0.362012
0.276557
0.306586
0.338126
0.268585
0.241031
0.1811
0.315643
0.338407
0.26531
0.255229
0.289251
0.242739
0.328283
0.205063
0.264835
0.27697
0.285803
0.241758
0.252911
0.371928
0.272949
0.262927
0.274795
0.282511
0.325589
0.256984
0.282223
0.348197
0.296747
0.17002
0.23764
0.30832
0.299885
0.271932
0.223422
0.248969
0.233124
0.376488
0.281582
0.31571
0.354522
0.299388
0.312631
0.304113
0.345373
0.35743
0.351606
0.292238
0.337331
0.296918
0.252902
0.300852
0.352429
0.332464
0.349577
0.312969
0.380016
0.339218
0.326956
0.334134
0.278432
0.232136
0.387449
0.318963
0.304588
0.273965
0.331302
0.330453
0.231256
0.307415
0.275785
0.330695
0.282422
0.305842
0.278245
0.36568
0.284907
0.306788
0.338528
0.312322
0.336589
0.320175
0.281682
0.342116
0.302736
0.277486
0.381453
0.281232
0.30504
0.31626
0.317365
0.28068
0.325991
0.348067
0.258001
0.305002
0.305232
0.269852
0.298329
0.281334
0.29577
0.329849
0.286459
0.270027
0.262108
0.32594
0.288389
0.314299
0.239296
0.232121
0.303321
0.367284
0.340843
0.280005
0.303459
0.285711
0.289561
0.296388
0.30118
0.306792
0.353573
0.337553
0.241612
0.335756
0.332427
0.276512
0.298468
0.281279
0.305032
0.269566
0.384628
0.23952
0.284681
0.312967
0.34354
0.344325
0.282309
0.27836
0.250622
0.329704
0.165611
0.298659
0.31616
0.334178
0.328682
0.327399
0.27616
0.296631
0.226948
0.285131
0.339854
0.278074
0.310917
0.334437
0.28707
0.341248
0.317484
0.297518
0.287599
0.312778
0.345669
0.276987
0.199411
0.303727
0.363427
0.335567
0.267899
0.323383
0.257875
0.287598
0.243777
0.342735
0.323895
0.284468
0.331268
0.273273
0.23167
0.297736
0.266023
0.278301
0.296172
0.332403
0.307775
0.282665
0.349558
0.311253
0.317636
0.301992
0.301317
0.314687
0.254468
0.326166
0.228842
0.289745
0.365072
0.332118
0.273662
0.346085
0.290982
0.273335
0.344817
0.286218
0.307983
0.339272
0.301228
0.29771
0.299893
0.230614
0.335386
0.27899
0.307447
0.316377
0.324183
0.318377
0.325026
0.35053
0.266091
0.325515
0.332363
0.370019
0.288954
0.244376
0.336691
0.29625
0.281105
0.299261
0.296583
0.248078
0.371779
0.250001
0.294231
0.307153
0.17538
0.235839
0.201974
0.330466
0.276039
0.278024
0.361897
0.3174
0.269694
0.397048
0.338713
0.244241
0.183315
0.292306
0.336001
0.3133
0.338454
0.169761
0.31599
0.342034
0.289014
0.35894
0.298966
0.348527
0.345047
0.344941
0.32697
0.36003
0.223833
0.310225
0.276133
0.3639
0.275609
0.291721
0.336433
0.357547
0.345203
0.234295
0.291421
0.343641
0.308775
0.247283
0.283581
0.353627
0.30069
0.319428
0.335149
0.355309
0.332294
0.343
0.273797
0.320447
0.282851
0.279713
0.318764
0.312556
0.278593
0.221837
0.316304
0.274425
0.178852
0.340909
0.26046
0.365315
0.287537
0.297615
0.271293
0.302744
0.259526
0.3136
0.325077
0.343034
0.293315
0.299388
0.300182
0.245897
0.25183
0.36
0.402189
0.246408
0.297831
0.241659
0.278328
0.272318
0.299476
0.283623
0.30607
0.327617
0.359066
0.30061
0.256884
0.294358
0.31274
0.343958
0.246466
0.337097
0.307155
0.367473
0.313698
0.394469
0.315054
0.292326
0.296269
0.312028
0.331343
0.256261
0.285008
0.327897
0.310226
0.347144
0.335745
0.311839
0.289384
0.314681
0.324751
0.333332
0.271687
0.269027
0.342099
0.347167
0.332947
0.241738
0.4
0.245042
0.333264
0.304961
0.350716
0.302002
0.365538
0.287509
0.356418
0.32563
0.364256
0.302385
0.290775
0.291654
0.265936
0.334971
0.317911
0.306745
0.362054
0.339896
0.283463
0.346826
0.367882
0.305161
0.351024
0.322369
0.298389
0.3965
0.301302
0.300587
0.279207
0.303215
0.258804
0.300374
0.309294
0.242813
0.321608
0.271498
0.298498
0.358943
0.153744
0.361151
0.279553
0.24302
0.323715
0.306629
0.34745
0.317831
0.281493
0.251959
0.304955
0.259695
0.332266
0.35929
0.268118
0.342485
0.271925
0.345972
0.297047
0.302548
0.402383
0.330972
0.288807
0.357861
0.328758
0.304566
0.412658
0.285497
0.288004
0.306898
0.328595
0.272558
0.300359
0.393208
0.348151
0.388428
0.316873
0.297171
0.288191
0.277045
0.281214
0.35451
0.313226
0.349046
0.303028
0.24282
0.227214
0.301026
0.30837
0.324095
0.300838
0.296701
0.332741
0.315291
0.291758
0.266252
0.285232
0.345049
0.351979
0.334728
0.268736
0.233862
0.237882
0.336957
0.277908
0.283066
0.275735
0.251301
0.306632
0.146303
0.348891
0.270377
0.338527
0.276975
0.36371
0.359468
0.318817
0.357312
0.331254
0.403981
0.354749
0.336088
0.326727
0.31598
0.310368
0.348568
0.304964
0.334603
0.236062
0.289919
0.265328
0.328946
0.337208
0.340841
0.249175
0.340604
0.295201
0.333521
0.29848
0.317411
0.314174
0.330544
0.250561
0.258509
0.29561
0.347653
0.319716
0.313894
0.37555
0.307968
0.303176
0.237097
0.232631
0.332077
0.270947
0.35341
0.296528
0.26937
0.242878
0.312391
0.296474
0.312384
0.327127
0.325594
0.272762
0.387706
0.393645
0.351149
0.256543
0.358726
0.292984
0.321256
0.371343
0.313102
0.282096
0.252654
0.291647
0.317953
0.250361
0.327541
0.271405
0.321716
0.300787
0.337274
0.235037
0.300087
0.28744
0.296292
0.218708
0.256889
0.337765
0.228723
0.296823
0.231816
0.254398
0.298257
0.346046
0.296441
0.309235
0.210898
0.358462
0.353388
0.318576
0.324356
0.317693
0.252831
0.315767
0.343474
0.295264
0.330735
0.352647
0.384239
0.301586
0.335585
0.258789
0.257959
0.297773
0.279314
0.289316
0.266494
0.272067
0.277492
0.349113
0.316753
0.236913
0.320084
0.273111
0.278545
0.357217
0.216978
0.289404
0.324519
0.260179
0.266568
0.340923
0.332384
0.306111
0.303653
0.293124
0.269816
0.29778
0.363419
0.284515
0.2823
0.280472
0.325227
0.272256
0.261691
0.337599
0.25898
0.265537
0.258797
0.247185
0.291936
0.304119
0.2664
0.34046
0.275082
0.364637
0.312843
0.311719
0.274673
0.276289
0.338003
0.314568
0.36023
0.28226
0.301704
0.356888
0.278208
0.374826
0.304764
0.360257
0.307118
0.27905
0.310415
0.312591
0.333676
0.323767
0.303833
0.307103
0.246045
0.298854
0.234883
0.308594
0.3356
0.263335
0.308282
0.352814
0.317408
0.290733
0.147019
0.348712
0.356008
0.277815
0.281953
0.324456
0.271582
0.32976
0.358602
0.33269
0.329506
0.285225
0.309157
0.336836
0.328686
0.334013
0.330681
0.224431
0.315738
0.337734
0.247139
0.314314
0.282648
0.338391
0.258284
0.346139
0.322229
0.322301
0.26663
0.234616
0.306333
0.301802
0.282893
0.203207
0.282333
0.332206
0.330513
0.369553
0.216701
0.283625
0.275873
0.320981
0.250032
0.270152
0.355257
0.259729
0.314937
0.327377
0.294596
0.294708
0.323857
0.28386
0.2595
0.275767
0.301064
0.325276
0.366632
0.302658
0.201735
0.317392
0.289346
0.279913
0.326399
0.353818
0.329593
0.303211
0.298167
0.273826
0.245161
0.35665
0.273741
0.333102
0.355828
0.269874
0.29974
0.241748
0.307028
0.284995
0.31345
0.301473
0.277729
0.309689
0.298223
0.310895
0.380697
0.248418
0.338946
0.261896
0.240527
0.320045
0.332078
0.286923
0.298328
0.320536
0.341518
0.34242
0.288148
0.30026
0.295333
0.251397
0.297082
0.304463
0.330162
0.380001
0.244652
0.306239
0.327089
0.276887
0.219781
0.292909
0.329422
0.262502
0.314138
0.358232
0.338715
0.299238
0.310673
0.218429
0.270368
0.301228
0.342467
0.228025
0.29894
0.252235
0.394656
0.296247
0.339891
0.28882
0.24129
0.325974
0.290943
0.310256
0.328795
0.286906
0.295144
0.333919
0.233746
0.32496
0.264969
0.327833
0.320625
0.280023
0.212861
0.334795
0.33269
0.299277
0.288019
0.311402
0.262007
0.29482
0.312143
0.212242
0.33428
0.320271
0.242306
0.286773
0.317888
0.259934
0.165188
0.201757
0.327649
0.392152
0.318217
0.27311
0.296261
0.296299
0.204852
0.334575
0.300408
0.368274
0.332399
0.342853
0.294027
0.298196
0.294591
0.342966
0.320137
0.350002
0.308799
0.303013
0.252523
0.290358
0.373227
0.283998
0.372949
0.325075
0.256438
0.252277
0.290313
0.301387
0.261601
0.290457
0.340365
0.333496
0.318769
0.267459
0.35421
0.271719
0.348891
0.31024
0.205505
0.281475
0.257996
0.34422
0.308449
0.313497
0.248257
0.306842
0.28139
0.310065
0.29763
0.338022
0.300929
0.343552
0.326801
0.249146
0.294584
0.2868
0.308696
0.323642
0.266731
0.248599
0.316527
0.270828
0.368063
0.278946
0.285757
0.296953
0.336064
0.319363
0.33267
0.284088
0.30187
0.18087
0.268199
0.359071
0.316239
0.328951
0.278156
0.360907
0.295095
0.246119
0.304356
0.384234
0.310759
0.243768
0.363181
0.232648
0.260026
0.278047
0.313712
0.291328
0.26626
0.293884
0.224268
0.227462
0.321474
0.207116
0.298568
0.337911
0.252928
0.292795
0.262752
0.278252
0.363525
0.320911
0.337407
0.371988
0.370537
0.353681
0.35683
0.244829
0.297303
0.232098
0.376405
0.326189
0.339382
0.29856
0.318808
0.245308
0.330518
0.334917
0.34652
0.289332
0.236281
0.258499
0.302703
0.271479
0.299069
0.266094
0.302569
0.168274
0.315497
0.312498
0.315806
0.28589
0.369886
0.343797
0.286421
0.28502
0.312068
0.383748
0.329373
0.294561
0.335029
0.261767
0.310102
0.22668
0.305128
0.337939
0.396471
0.233463
0.2282
0.262769
0.276115
0.259094
0.295279
0.330313
0.245356
0.368966
0.204509
0.359026
0.300102
0.282805
0.282076
0.263897
0.310895
0.310344
0.3546
0.28995
0.245864
0.271727
0.32024
0.260863
0.324773
0.350187
0.337315
0.300793
0.293658
0.300715
0.373124
0.260729
0.252563
0.288961
0.307274
0.284917
0.318573
0.32432
0.323282
0.320943
0.332363
0.357608
0.335463
0.320336
0.377225
0.259802
0.338424
0.29583
0.25145
0.299576
0.333632
0.258328
0.263546
0.284918
0.277504
0.312301
0.197121
0.18867
0.330219
0.339014
0.317513
0.358245
0.293119
0.264419
0.345636
0.265667
0.33053
0.26023
0.325379
0.25217
0.327737
0.275857
0.27775
0.244952
0.301706
0.261492
0.270705
0.256513
0.36992
0.330785
0.291381
0.332633
0.299478
0.348275
0.251845
0.280907
0.318767
0.296809
0.322237
0.327644
0.260142
0.278956
0.276151
0.310744
0.298785
0.317352
0.387961
0.200301
0.362547
0.260286
0.308073
0.330349
0.252949
0.355654
0.316827
0.380886
0.252959
0.314593
0.247569
0.233007
0.253419
0.28425
0.320051
0.307108
0.333017
0.208006
0.272304
0.331435
0.304862
0.327876
0.311883
0.3294
0.368708
0.299954
0.319213
0.323617
0.195356
0.322075
0.383714
0.299732
0.329285
0.217636
0.306552
0.317495
0.265002
0.305897
0.304632
0.311696
0.309629
0.317083
0.347136
0.207765
0.232517
0.378801
0.379553
0.281392
0.272792
0.29377
0.305419
0.306535
0.343817
0.20143
0.37693
0.303148
0.28587
0.304832
0.300438
0.337007
0.352738
0.251572
0.271846
0.319675
0.335657
0.23494
0.299616
0.345966
0.215101
0.303788
0.229448
0.288582
0.317497
0.309155
0.336847
0.337307
0.272134
0.254086
0.313146
0.313953
0.311645
0.315587
0.354448
0.278301
0.352713
0.207136
0.33026
0.299189
0.307193
0.271231
0.287025
0.355441
0.354079
0.346528
0.385895
0.366955
0.339541
0.342395
0.2334
0.287979
0.340786
0.290695
0.277751
0.320421
0.351568
0.276873
0.336078
0.281909
0.267424
0.288785
0.322687
0.341031
0.345863
0.278834
0.336938
0.288427
0.374661
0.366891
0.259119
0.292761
0.296383
0.367522
0.332748
0.239001
0.368529
0.215394
0.266363
0.238382
0.328435
0.290926
0.263605
0.287375
0.276833
0.295972
0.362901
0.338982
0.285853
0.269186
0.194211
0.275363
0.22819
0.296619
0.234723
0.337117
0.29915
0.291429
0.260693
0.313774
0.347728
0.37498
0.272479
0.214472
0.324767
0.285332
0.283976
0.335089
0.311892
0.300927
0.343677
0.389219
0.291191
0.270339
0.287304
0.252101
0.248614
0.303025
0.348517
0.332283
0.359181
0.243507
0.293299
0.266911
0.296665
0.33705
0.368433
0.273728
0.362198
0.291262
0.262622
0.243813
0.296622
0.314514
0.354005
0.282955
0.253988
0.303006
0.27441
0.298767
0.292293
0.29888
0.334229
0.352563
0.233232
0.380105
0.245247
0.292855
0.292468
0.28029
0.37522
0.314917
0.26225
0.329078
0.380584
0.365191
0.310504
0.268592
0.35768
0.333638
0.242173
0.341517
0.340864
0.282259
0.362729
0.360738
0.28946
0.257973
0.29934
0.300877
0.31722
0.267934
0.31259
0.278277
0.35183
0.346191
0.34358
0.22877
0.290453
0.318773
0.333393
0.278641
0.286055
0.370359
0.300622
0.280182
0.373507
0.243357
0.28244
0.327682
0.300025
0.383653
0.241102
0.308056
0.308109
0.349109
0.253616
0.185973
0.175112
0.32341
0.197001
0.348087
0.320918
0.298502
0.34622
0.252774
0.337091
0.250399
0.343487
0.332277
0.340445
0.319646
0.335017
0.343402
0.290187
0.34287
0.239723
0.252111
0.344439
0.364332
0.276536
0.267988
0.314283
0.345288
0.289612
0.360758
0.234079
0.247462
0.299042
0.309137
0.251064
0.345835
0.329504
0.299512
0.27512
0.345726
0.325667
0.315904
0.229436
0.343901
0.295069
0.230465
0.195822
0.256575
0.278108
0.329159
0.317813
0.310994
0.365232
0.38286
0.323371
0.334219
0.339192
0.297318
0.296256
0.323082
0.301955
0.352772
0.254664
0.350072
0.334404
0.357292
0.308327
0.330885
0.377833
0.294267
0.358401
0.288642
0.336963
0.251702
0.365836
0.3062
0.245629
0.279405
0.230276
0.307905
0.287375
0.282414
0.33139
0.358315
0.390846
0.363838
0.294939
0.383937
0.337196
0.328185
0.285411
0.279043
0.366847
0.324954
0.270874
0.317867
0.304038
0.385119
0.377361
0.341846
0.271893
0.319435
0.331764
0.312989
0.366229
0.365487
0.333261
0.29593
0.191059
0.267414
0.245668
0.277061
0.261325
0.358408
0.292571
0.329884
0.291013
0.333322
0.306902
0.278639
0.278806
0.302511
0.268191
0.339046
0.297259
0.32696
0.372216
0.177738
0.364477
0.313099
0.320257
0.327391
0.352948
0.371082
0.274893
0.28048
0.320361
0.333312
0.323184
0.283193
0.227503
0.202102
0.301237
0.344394
0.254617
0.356021
0.274085
0.318614
0.330071
0.33938
0.297102
0.333607
0.326314
0.231735
0.30245
0.260779
0.339995
0.313512
0.32738
0.358472
0.358503
0.336653
0.340064
0.355971
0.209906
0.316004
0.326238
0.268806
0.298511
0.282522
0.312707
0.324201
0.331916
0.222983
0.288124
0.377522
0.312237
0.267704
0.290681
0.348158
0.240872
0.321859
0.381842
0.324861
0.284555
0.316354
0.331801
0.307092
0.277477
0.336413
0.350101
0.364251
0.260603
0.274568
0.37379
0.325742
0.358722
0.186376
0.330497
0.228799
0.35425
0.255962
0.280253
0.304877
0.268331
0.293052
0.342625
0.349435
0.25643
0.295702
0.364733
0.326159
0.2848
0.30201
0.310257
0.231223
0.326672
0.366744
0.362088
0.321803
0.239623
0.301342
0.317316
0.293169
0.329875
0.269894
0.259772
0.264731
0.280003
0.276738
0.226481
0.279397
0.300217
0.248484
0.318591
0.263674
0.281557
0.30341
0.277547
0.310215
0.266697
0.331126
0.291481
0.295136
0.361494
0.314188
0.316282
0.254176
0.317531
0.300827
0.298677
0.277317
0.31958
0.340208
0.326935
0.326017
0.326868
0.276709
0.210406
0.301716
0.318506
0.338072
0.224182
0.307804
0.294627
0.259056
0.250601
0.333885
0.333486
0.27504
0.333614
0.263635
0.319133
0.334381
0.234044
0.368909
0.233597
0.259014
0.401999
0.358664
0.287718
0.348511
0.352505
0.226707
0.243956
0.280519
0.263089
0.230906
0.309221
0.312498
0.308486
0.316914
0.25381
0.303184
0.285212
0.332134
0.283607
0.305368
0.28687
0.340861
0.261222
0.281372
0.202681
0.267532
0.329699
0.352681
0.338015
0.372733
0.300728
0.346591
0.276157
