83.9774 216.469
80.1597 214.289
77.7335 212.953
75.9226 211.993
74.438 211.235
73.1718 210.613
72.063 210.092
71.0781 209.648
70.1895 209.266
69.3823 208.934
68.6314 208.641
67.9389 208.385
67.197 208.126
66.6908 207.959
66.1219 207.783
65.5825 207.626
65.0715 207.488
64.5857 207.366
64.1222 207.259
63.6794 207.166
63.2589 207.086
62.8554 207.017
62.4655 206.958
62.0904 206.909
61.729 206.869
61.3803 206.838
61.0434 206.814
60.7175 206.798
60.402 206.788
60.096 206.785
59.7991 206.787
59.5107 206.796
59.2303 206.81
58.9576 206.828
58.6922 206.852
58.4373 206.88
58.1856 206.912
57.9399 206.949
57.6996 206.99
57.4643 207.034
57.234 207.082
57.0086 207.134
56.7882 207.189
56.5728 207.247
56.3625 207.308
56.1571 207.371
55.9565 207.437
55.7606 207.506
55.5684 207.577
55.3789 207.65
55.193 207.726
55.0103 207.805
54.8312 207.885
54.6553 207.968
54.4825 208.052
54.3113 208.139
54.1435 208.228
53.9791 208.319
53.8173 208.411
53.6581 208.505
53.4272 208.646
53.2733 208.744
53.1214 208.844
52.9714 208.946
52.8239 209.05
52.6791 209.154
52.5366 209.259
52.3952 209.367
52.2559 209.475
52.1232 209.582
51.9887 209.692
51.856 209.804
51.7252 209.916
51.5961 210.03
51.4687 210.145
51.343 210.26
51.2183 210.378
51.0959 210.495
50.9751 210.614
