1.37111 209.989
1.37079 209.677
1.37047 209.38
1.37015 209.1
1.36983 208.836
1.36951 208.587
1.36919 208.355
1.36887 208.139
1.36855 207.938
1.36823 207.754
1.36791 207.586
1.36759 207.434
1.36727 207.297
1.36695 207.177
1.36663 207.073
1.36631 206.985
1.36599 206.913
1.36567 206.857
1.36535 206.817
1.36503 206.793
1.36471 206.785
1.36439 206.792
1.36407 206.816
1.36375 206.857
1.36343 206.913
1.36311 206.985
1.36278 207.073
1.36246 207.177
1.36214 207.297
1.36182 207.433
1.3615 207.586
1.36118 207.754
1.36086 207.938
1.36054 208.138
1.36022 208.355
1.3599 208.587
1.35958 208.835
1.35926 209.1
1.35894 209.38
1.35862 209.677
