118.139 0.400000 0.086047 
118.278 0.402326 0.067441 
118.463 0.404651 0.058140 
118.695 0.453488 0.058139 
118.834 0.497674 0.051163 
119.065 0.516279 0.051163 
119.252 0.5197038 0.0466103 
119.484 0.5080504 0.0489412 
119.67 0.5476691 0.0419496 
119.855 0.5756355 0.0419496
120.041 0.523305 0.038135 
120.272 0.5569916 0.0396187 
120.458 0.5756355 0.0396187 
120.643 0.5826271 0.0326271 
120.829 0.5756355 0.0302962 
121.061 0.5360168 0.0186439 
121.246 0.5546607 0.0163141 
121.432 0.584958 0.0139832 
121.617 0.6175851 0.0163141 
121.803 0.601271 0.0163141 
122.035 0.5639832 0.016313 
122.22 0.5103813 0.0326271 
122.452 0.5290252 0.0139832 
122.638 0.5383477 0.016313 
122.87 0.5546607 0.0163141 
123.055 0.5686439 0.0163141 
123.287 0.5709748 0.0233046 
123.472 0.6059317 0.0093225 
123.658 0.6152542 0.0116523 
123.843 0.6292374 0.0093214 
124.075 0.6432206 0.0069916 
124.261 0.6502122 0.0139832 
124.446 0.6688561 0.0069916 
124.632 0.6851691 0.0023309 
124.817 0.6875 0.0093225 
125.049 0.6781775 0.0069916 
125.235 0.6502122 0.0186439 
125.42 0.6199149 0.0093225 
125.606 0.5569916 0.0069916 
125.791 0.5103813 0.0069916 
126.023 0.463771 0.0069916 
126.209 0.4264832 0.0046607 
126.441 0.3985168 0.0116523 
126.626 0.3985168 0.0046607 
126.858 0.4148309 0.0069916 
127.043 0.447458 0.0093214 
127.275 0.4963981 0.0093225 
127.414 0.5476691 0.018645 
127.6 0.6292374 0.0139832 
127.832 0.7084748 0.0093214 
128.017 0.7760588 0.0163141 
128.249 0.8436439 0.0186439 
128.388 0.8855935 0.0163141 
128.62 0.9135588 0.018645 
128.806 0.9088981 0.0163141 
129.038 0.927542 0.034958 
129.223 0.9601691 0.0163141 
129.409 0.9671607 0.0209748 
129.641 0.9601691 0.0302973 
129.826 0.9927962 0.0139832 
130.012 1.0044496 0.0186439 
130.197 1.0161019 0.016313 
130.383 1.0254233 0.0139832 
130.661 1.0114412 0.0256355 
130.800 1.013771 0.0163141 
131.078 1.0277542 0.0139832 
131.264 1.0277542 0.0139832 
131.449 1.0324149 0.0163141 
131.635 1.0254233 0.0279664 
131.820 1.0603813 0.0186439 
132.006 1.0463981 0.0139832 
132.238 1.013771 0.0372878 
132.423 1.048729 0.0209748 
132.609 1.0463981 0.0209748 
132.794 1.013771 0.0419496 
132.98 1.0021187 0.0233046 
133.165 1.0510588 0.0233046 
133.397 1.0277542 0.0233046 
133.583 1.0207626 0.0302962 
133.768 0.997458 0.0536008 
133.954 1.013771 0.0209748 
134.186 1.0067794 0.0279664 
134.347 1.006980 0.027900 
134.533 1.013950 0.027910 
134.718 0.990698 0.044182 
134.949 0.951163 0.055817 
135.181 0.986046 0.058144 
135.366 0.972093 0.058140 
135.598 0.951163 0.053489
135.737 0.979021 0.053613 
135.968 0.951049 0.055941 
136.153 0.904429 0.041958 
136.385 0.906760 0.048951 
136.570 0.904429 0.044289 
136.755 0.899767 0.041958 
136.987 0.920746 0.04662 
137.126 0.857809 0.037296 
137.357 0.811189 0.034965 
137.543 0.790210 0.039627 
137.774 0.799534 0.034965 
137.959 0.738928 0.034965 
138.145 0.694639 0.025641 
138.376 0.627040 0.02331 
138.562 0.575758 0.027972 
138.747 0.526807 0.018648 
138.932 0.503497 0.018648 
139.210 0.491841 0.018649 
139.349 0.447552 0.016317 
139.580 0.438228 0.034965 
139.766 0.456876 0.018648 
139.951 0.419580 0.016317 
140.136 0.435897 0.030303 
140.414 0.419580 0.016317
140.553 0.419580 0.030303 
140.738 0.466200 0.032634 
140.970 0.452214 0.018648 
141.155 0.484848 0.011656 
141.340 0.517483 0.009324 
141.525 0.533800 0.030303 
141.757 0.589744 0.011655 
141.942 0.627040 0.016317 
142.127 0.680653 0.011655 
142.313 0.722611 0.013986 
142.544 0.780886 0.030303 
142.729 0.862471 0.018648 
142.961 0.904429 0.016317 
143.146 0.95338 0.027972 
143.378 0.946387 0.025641 
143.517 0.995338 0.025641 
143.748 1.01166 0.01398 
143.933 1.02098 0.01399 
144.119 1.03963 0.01166 
144.350 1.01632 0.02564 
144.535 1.03030 0.01399 
144.721 1.02797 0.01399 
144.952 1.02564 0.01166 
145.091 1.03730 0.01165 
145.276 1.03963 0.01632 
145.508 1.04895 0.02098 
145.693 1.05128 0.00933 
145.878 1.03730 0.00699 
146.110 1.03497 0.00699 
146.342 1.04196 0.01865 
146.573 1.06294 0.01398 
146.712 1.06527 0.01165 
146.944 1.05361 0.01399 
147.082 1.04429 0.02331 
147.314 1.04429 0.00699 
147.499 1.06294 0.00933 
147.685 1.04895 0.01166 
147.916 1.03730 0.00932 
148.101 1.03730 0.02098 
148.333 1.05361 0.007 
148.518 1.05361 0.00933 
148.703 1.04429 0.00932 
148.889 1.03963 0.00466 
149.120 1.03963 0.01398 
149.305 1.03497 0.00699 
149.491 1.02797 0.00933 
149.676 1.03497 0.00700 
149.954 1.04429 0.00466
